3072
Timestep: 810000
1	0.903242	0.907792	2.6315
2	1.21042	0.720921	2.73803
2	0.596067	1.09466	2.52498
2	0.988359	0.842838	2.27211
2	0.818126	0.972747	2.99089
3	7.12361	0.504104	7.89857
1	1.92551	5.84068	9.04486
2	1.77568	5.95504	8.72068
2	2.07535	5.72631	9.36904
2	2.14185	5.59722	8.85898
2	1.70917	6.08413	9.23074
3	1.87742	-0.460177	-0.543968
1	2.48487	5.07119	6.55137
2	2.85027	5.15044	6.58016
2	2.11947	4.99195	6.52257
2	2.44377	5.12675	6.91995
2	2.52596	5.01564	6.18279
3	2.82359	1.85285	1.57954
1	4.1258	-0.491832	0.277145
2	4.1064	9.75839	0.620386
2	4.14519	-0.342053	-0.066097
2	4.38551	9.65516	0.181417
2	3.86609	-0.238828	0.372872
3	2.5116	1.64175	2.67684
1	1.99879	9.69641	3.62344
2	2.08686	-0.362345	3.75158
2	1.91072	9.35517	3.49529
2	1.73819	9.66318	3.89104
2	2.25938	9.72965	3.35583
3	6.43644	9.53917	2.69704
1	4.918	1.77458	9.47062
2	4.76355	1.44813	9.36965
2	5.07246	2.10104	9.5716
2	5.25343	1.6509	9.35742
2	4.58257	1.89827	9.58382
3	-0.296402	2.54699	-0.0219923
1	4.32924	0.764936	0.197917
2	4.69134	0.855195	0.234821
2	3.96714	0.674677	0.161014
2	4.42377	0.474849	-0.0201165
2	4.23472	1.05502	0.415951
3	-0.426175	8.15799	-0.597855
1	9.34727	3.3758	-0.524354
2	9.5861	3.34606	-0.236777
2	9.10844	3.40554	9.58807
2	9.09027	3.18313	-0.330838
2	9.60428	3.56848	9.68213
3	3.92167	-0.416935	1.56615
1	0.632035	1.77937	1.14311
2	0.83488	1.72324	1.45348
2	0.429191	1.83549	0.832744
2	0.330756	1.6357	1.31404
2	0.933315	1.92303	0.972188
3	4.39206	8.4776	0.412414
1	2.01321	0.0660084	-0.340422
2	2.11386	0.393362	-0.187663
2	1.91256	-0.261345	-0.49318
2	2.08535	-0.107588	-0.0159452
2	1.94107	0.239605	9.7351
3	2.93277	0.064826	1.83682
1	3.19558	0.658106	0.195099
2	3.56999	0.637356	0.197708
2	2.82116	0.678856	0.19249
2	3.21581	1.00566	0.0557325
2	3.17534	0.310554	0.334465
3	1.70271	5.99444	8.53442
1	9.39005	1.82188	1.74832
2	9.22346	2.06966	1.52144
2	9.55663	1.57409	1.97521
2	9.71854	1.88888	1.58032
2	9.06155	1.75487	1.91633
3	8.8857	1.71794	1.98509
1	3.838	-0.255231	1.01551
2	4.01938	-0.555086	0.882043
2	3.65662	0.0446247	1.14897
2	3.76784	-0.141689	0.665062
2	3.90816	-0.368772	1.36595
3	2.67297	1.78626	-0.0734426
1	3.53199	1.23166	7.95205
2	3.55248	1.34427	7.59495
2	3.51149	1.11904	8.30916
2	3.59553	0.878158	7.84423
2	3.46845	1.58515	8.05988
3	0.747752	0.99404	3.18585
1	8.98473	2.26033	2.17883
2	8.67942	2.38527	2.00051
2	9.29005	2.13539	2.35715
2	8.91255	1.9125	2.0587
2	9.05691	2.60816	2.29895
3	5.52832	5.57208	4.19856
1	1.48518	-0.107126	9.63992
2	1.73255	-0.341794	9.79601
2	1.23781	0.127542	9.48382
2	1.75774	0.144905	9.58687
2	1.21261	-0.359156	9.69296
3	-0.0508207	0.984451	1.9284
1	1.70579	0.839141	0.325617
2	1.42233	0.608695	0.410306
2	1.98924	1.06959	0.240928
2	1.94623	0.604728	0.492537
2	1.46534	1.07355	0.158697
3	-0.570914	8.30328	2.92899
1	1.22884	1.55608	0.476683
2	1.41078	1.80424	0.26234
2	1.04691	1.30793	0.691027
2	1.28029	1.29239	0.215065
2	1.17739	1.81977	0.738301
3	7.39017	5.37175	5.70049
1	4.61529	0.711272	9.18705
2	4.3916	0.795988	8.89824
2	4.83898	0.626555	9.47586
2	4.58712	0.347119	9.10205
2	4.64346	1.07542	9.27205
3	3.58713	0.94911	0.926472
1	4.73464	2.25612	-0.380746
2	4.4514	2.25984	-0.135014
2	5.01788	2.2524	9.77352
2	4.51904	2.07238	9.77353
2	4.95024	2.43986	-0.135018
3	7.47983	8.68796	9.26199
1	3.74189	1.20181	0.195329
2	3.40977	1.18359	0.0221546
2	4.07401	1.22002	0.368504
2	3.76427	0.827492	0.191778
2	3.7195	1.57612	0.198881
3	9.18866	2.38173	0.655543
1	7.29507	0.993496	8.14708
2	7.17868	0.678954	7.97933
2	7.41147	1.30804	8.31483
2	7.61889	0.973999	7.95896
2	6.97126	1.01299	8.3352
3	7.02716	6.69389	7.68985
1	1.36547	3.74463	7.71293
2	1.54666	3.72138	8.04042
2	1.18428	3.76787	7.38543
2	1.12465	3.48096	7.82744
2	1.60628	4.00829	7.59841
3	4.8836	0.891052	0.312513
1	8.21485	7.82477	8.44145
2	8.09096	7.92781	8.10284
2	8.33873	7.72174	8.78007
2	8.43626	7.56744	8.28215
2	7.99343	8.08211	8.60076
3	8.45266	4.02397	9.3054
1	3.20847	1.72291	-0.264399
2	3.2192	2.07993	-0.378622
2	3.19775	1.36589	-0.150177
2	3.5596	1.67334	-0.386373
2	2.85735	1.77248	-0.142426
3	2.38565	4.94914	9.3747
1	3.75336	2.2651	-0.136519
2	3.3977	2.26519	-0.255404
2	4.10901	2.26501	-0.0176341
2	3.81416	2.58748	-0.318168
2	3.69255	1.94271	0.0451291
3	9.44933	6.87618	3.0649
1	3.27779	2.85405	-0.247233
2	3.64068	2.8099	-0.330823
2	2.9149	2.8982	-0.163642
2	3.21531	2.4932	-0.327911
2	3.34027	3.2149	-0.166554
3	7.6302	0.435204	3.00239
1	4.60564	6.63115	-0.410369
2	4.62804	6.57301	9.61984
2	4.58323	6.68929	-0.040581
2	4.90043	6.86219	-0.428829
2	4.31084	6.4001	-0.391908
3	5.92141	7.00983	7.69718
1	7.70018	0.462707	2.42313
2	7.77473	0.487387	2.05644
2	7.62564	0.438026	2.78982
2	7.38334	0.277439	2.34625
2	8.01703	0.647974	2.50001
3	3.48048	9.39932	4.11086
1	9.65132	2.48213	0.323018
2	9.35549	2.42754	0.546917
2	-0.45285	2.53671	0.0991199
2	9.43378	2.66851	0.081022
2	-0.531137	2.29574	0.565015
3	1.83564	3.36405	1.32712
1	9.61376	6.95594	-0.219681
2	9.52716	6.59954	-0.297837
2	9.70037	7.31233	-0.141525
2	9.64182	6.86934	0.144104
2	9.58571	7.04253	-0.583466
3	5.53842	6.68597	9.32633
1	0.218289	1.29852	0.84258
2	0.268898	1.17286	0.492903
2	0.16768	1.42417	1.19226
2	0.16915	0.946448	0.961983
2	0.267428	1.65059	0.723177
3	9.03157	3.40333	5.96457
1	1.10029	3.64123	-0.622127
2	1.2314	3.99253	-0.61716
2	0.969181	3.28993	-0.627094
2	0.760912	3.76924	-0.717304
2	1.43967	3.51322	-0.52695
3	2.69248	0.523948	2.48723
1	0.784626	7.31898	2.61369
2	1.13676	7.19613	2.57453
2	0.432491	7.44183	2.65285
2	0.719769	7.05178	2.8687
2	0.849483	7.58617	2.35869
3	2.55822	5.08672	8.58555
1	2.22613	5.87361	8.31566
2	2.55839	5.7764	8.17151
2	1.89387	5.97082	8.45981
2	2.1863	6.1337	8.04846
2	2.26596	5.61353	8.58285
3	0.575687	5.15501	7.68998
1	1.10623	8.50711	7.66019
2	0.919715	8.7835	7.83179
2	1.29275	8.23072	7.48859
2	1.37464	8.52608	7.92139
2	0.837826	8.48814	7.399
3	3.37733	3.41016	-0.135705
1	5.95681	7.04612	8.27433
2	5.9371	7.00561	7.90205
2	5.97653	7.08663	8.64662
2	6.31941	6.95089	8.2655
2	5.59421	7.14135	8.28317
3	6.61252	7.10643	9.40345
1	6.22378	8.77033	8.93569
2	6.29037	8.5471	9.22955
2	6.15718	8.99357	8.64182
2	6.38073	8.51721	8.70783
2	6.06682	9.02346	9.16354
3	9.09346	2.20225	1.4274
1	9.49103	8.89755	8.80982
2	-0.66624	9.15572	8.93251
2	9.24829	8.63937	8.68713
2	9.27805	9.16825	8.66155
2	9.704	8.62684	8.95809
3	7.28964	7.74337	8.09775
1	2.8674	4.93853	9.05749
2	2.67014	5.04091	8.75544
2	3.06466	4.83614	9.35953
2	3.1794	4.92683	8.84977
2	2.55541	4.95022	9.26521
3	7.73934	8.5034	6.93506
1	9.39487	7.42364	6.44208
2	9.23819	7.58651	6.14283
2	9.55155	7.26077	6.74133
2	9.68517	7.31506	6.23099
2	9.10456	7.53221	6.65317
3	7.4429	9.44939	7.51482
1	1.81039	8.59981	3.29459
2	1.63041	8.53096	3.61629
2	1.99038	8.66866	2.97289
2	1.76573	8.24162	3.19295
2	1.85505	8.958	3.39624
3	4.8274	8.44431	3.06375
1	4.2498	8.3107	9.15841
2	4.07848	8.23769	9.4839
2	4.42112	8.3837	8.83292
2	4.52749	8.07675	9.2521
2	3.9721	8.54464	9.06471
3	4.49478	8.42165	8.64844
1	1.7151	3.10452	1.83109
2	1.65441	2.92511	2.15474
2	1.77579	3.28394	1.50744
2	1.40292	3.30546	1.88394
2	2.02728	2.90359	1.77824
3	5.22702	6.6095	0.643009
1	7.93775	0.574651	1.30467
2	7.61711	0.412077	1.19796
2	8.25838	0.737225	1.41138
2	8.0281	0.632318	0.945313
2	7.84739	0.516984	1.66402
3	4.10887	9.44243	2.13638
1	8.95606	8.66033	4.68104
2	8.8796	8.30327	4.5957
2	9.03252	9.0174	4.76638
2	9.23875	8.65869	4.43464
2	8.67337	8.66198	4.92743
3	6.56108	8.44173	0.139523
1	9.46735	8.07125	8.88563
2	9.24555	8.32376	8.71929
2	9.68915	7.81874	9.05197
2	9.24733	7.79496	8.7596
2	9.68737	8.34753	9.01166
3	3.24667	7.03714	-0.356658
1	-0.00672266	7.60093	2.13515
2	0.316234	7.54757	1.95219
2	-0.329679	7.6543	2.31812
2	0.17003	7.55013	2.46196
2	-0.183476	7.65173	1.80834
3	0.816288	6.88516	5.15856
1	2.26938	0.827434	9.49072
2	2.39189	0.840325	9.13653
2	2.14686	0.814542	-0.55509
2	1.98928	1.06057	9.40232
2	2.54947	0.594293	9.57912
3	8.76309	-0.627194	1.61228
1	0.14208	1.40025	2.94233
2	0.342959	1.26959	2.65388
2	-0.0587996	1.53091	3.23077
2	0.258972	1.74831	2.86607
2	0.0251879	1.05219	3.01859
3	2.36294	7.22395	5.02772
1	4.32064	7.38338	0.00270007
2	4.09642	7.0834	-0.0163338
2	4.54487	7.68336	0.0217339
2	4.30328	7.42001	-0.370102
2	4.33801	7.34675	0.375502
3	0.373126	2.38263	2.99312
1	3.29563	0.567749	9.65135
2	3.6646	0.632466	9.66864
2	2.92667	0.503033	9.63406
2	3.26119	0.834061	9.38959
2	3.33008	0.301438	-0.486891
3	3.89152	0.834612	3.80058
1	4.5466	7.97325	3.24278
2	4.74057	8.26823	3.11632
2	4.35263	7.67827	3.36923
2	4.58381	7.80583	2.90929
2	4.50939	8.14068	3.57626
3	7.47069	0.279298	1.12687
1	8.1028	8.59149	-0.150014
2	8.12213	8.49019	-0.510555
2	8.08346	8.69279	0.210527
2	8.38896	8.82838	-0.201222
2	7.81663	8.35461	-0.0988057
3	4.2591	0.813771	8.74804
1	5.12888	9.34215	0.233998
2	4.79252	9.47466	0.33364
2	5.46525	9.20965	0.134355
2	5.2946	9.60436	0.444736
2	4.96316	9.07995	0.0232602
3	3.45699	7.68156	1.52203
1	8.70524	7.25798	8.69963
2	8.97785	7.51544	8.70465
2	8.43263	7.00053	8.69461
2	8.82287	7.12697	9.03072
2	8.58761	7.38899	8.36853
3	1.32463	1.17745	0.054218
1	9.44445	3.77193	9.29903
2	9.63382	3.46343	9.20107
2	9.25509	4.08043	9.39699
2	9.14467	3.56198	9.38071
2	-0.655758	3.98188	9.21735
3	8.2156	0.0113697	0.819192
1	0.854046	-0.229155	9.2556
2	1.00374	-0.406913	9.54992
2	0.704358	-0.051398	8.96129
2	1.02615	0.08747	9.3593
2	0.681943	-0.545781	9.1519
3	3.44961	8.41188	8.16413
1	2.48999	2.30915	1.66865
2	2.69297	2.00157	1.59922
2	2.287	2.61672	1.73809
2	2.64656	2.33579	2.00836
2	2.33341	2.2825	1.32895
3	5.24748	9.46602	3.43501
1	4.09497	9.0928	8.74181
2	3.89959	8.80433	8.88051
2	4.29035	9.38126	8.60311
2	4.03689	8.96495	8.39409
2	4.15305	9.22065	9.08952
3	5.24898	0.216477	3.29893
1	3.75842	0.892426	8.99916
2	3.91041	0.794024	9.32755
2	3.60643	0.990828	8.67077
2	3.42684	0.941427	9.16731
2	4.09001	0.843425	8.83101
3	4.10631	9.67824	0.80018
1	4.57209	7.77902	2.17016
2	4.56275	7.71148	2.53891
2	4.58143	7.84655	1.80141
2	4.19851	7.74999	2.15538
2	4.94567	7.80804	2.18494
3	4.49099	3.11337	-0.119348
1	6.91036	8.61792	9.32251
2	6.96756	8.53711	9.6842
2	6.85316	8.69873	8.96082
2	7.27568	8.69184	9.28125
2	6.54504	8.54401	9.36377
3	3.74968	-0.0895593	0.464978
1	1.44808	9.59977	-0.357788
2	1.20484	-0.612648	-0.572904
2	1.69131	9.41218	-0.142672
2	1.16848	9.38638	-0.227728
2	1.72767	-0.586841	-0.487848
3	-0.422258	2.18832	0.698419
1	5.75656	7.77076	4.52349
2	5.87209	7.74816	4.87953
2	5.64102	7.79335	4.16744
2	5.61205	7.42562	4.54847
2	5.90106	8.11589	4.4985
3	6.47968	6.82633	7.1361
1	2.98809	0.930361	8.7214
2	2.65231	0.866841	8.87581
2	3.32388	0.993881	8.567
2	2.83598	0.903819	8.37967
2	3.14021	0.956903	9.06313
3	2.15002	2.27606	1.19667
1	2.56889	0.237972	0.532067
2	2.59091	0.515889	0.281264
2	2.54687	-0.0399443	0.782871
2	2.92006	0.135594	0.449457
2	2.21772	0.340351	0.614678
3	4.86152	5.48188	5.53408
1	7.38896	1.89672	8.02478
2	7.19175	2.06788	8.29392
2	7.58617	1.72557	7.75563
2	7.45082	1.60682	8.25446
2	7.32709	2.18662	7.79509
3	1.72711	8.96009	8.6932
1	2.61889	2.13465	2.9752
2	2.28011	2.26351	2.87906
2	2.95768	2.00578	3.07135
2	2.67316	2.43739	3.18975
2	2.56462	1.83191	2.76065
3	3.75208	1.61512	-0.461045
1	8.20572	9.61394	1.67517
2	7.85367	9.50031	1.73661
2	8.55777	-0.672437	1.61373
2	8.27964	9.58302	2.04151
2	8.13181	9.64485	1.30883
3	2.70649	1.36534	0.651713
1	8.48662	-0.320868	1.20333
2	8.22547	-0.586334	1.1591
2	8.74776	-0.0554027	1.24757
2	8.32145	-0.114118	0.937626
2	8.65178	-0.527619	1.46904
3	5.34058	0.0950034	4.44164
1	4.92593	0.681662	3.42716
2	5.13823	0.387288	3.33283
2	4.71363	0.976035	3.52149
2	4.77153	0.679823	3.08542
2	5.08033	0.6835	3.76889
3	7.67147	9.41933	1.77092
1	-0.578043	0.91646	2.90478
2	-0.224182	0.863265	3.01694
2	9.4681	0.969654	2.79263
2	-0.638943	1.1373	3.20168
2	-0.517143	0.695619	2.60789
3	1.63774	4.70984	9.1953
1	0.900071	2.14553	2.99059
2	0.836424	2.00448	3.33218
2	0.963718	2.28658	2.64901
2	0.557828	2.29881	2.99011
2	1.24231	1.99225	2.99107
3	2.02831	0.448083	0.620459
1	1.97531	1.76582	2.84139
2	1.90424	1.39857	2.86786
2	2.04639	2.13307	2.81492
2	2.33414	1.69068	2.76248
2	1.61649	1.84095	2.9203
3	0.447038	2.20422	-0.0431822
1	2.36079	0.907084	0.638733
2	2.18543	1.04024	0.942284
2	2.53615	0.773927	0.335182
2	2.13652	0.606542	0.641016
2	2.58505	1.20763	0.636451
3	2.72834	0.497288	9.62572
1	2.54582	0.0149476	2.26436
2	2.7993	0.0423239	1.98936
2	2.29233	-0.0124287	2.53935
2	2.44366	-0.32249	2.13659
2	2.64798	0.352385	2.39212
3	1.65243	2.80932	2.31854
1	0.248878	0.932959	1.43155
2	0.0412656	0.956027	1.74298
2	0.456489	0.909891	1.12012
2	0.277864	0.562022	1.47835
2	0.219892	1.3039	1.38475
3	3.86729	7.693	4.972
1	5.3459	0.159771	3.86848
2	5.37748	0.110265	4.23885
2	5.31431	0.209277	3.49811
2	5.17818	0.490043	3.92693
2	5.51361	-0.170501	3.81003
3	9.41037	0.327525	1.83337
1	4.91544	5.07845	5.93963
2	5.27993	5.15598	5.9816
2	4.55095	5.00092	5.89765
2	4.94567	4.80084	6.18992
2	4.88521	5.35606	5.68933
3	4.02218	3.29955	0.445175
1	1.95775	5.2902	3.69603
2	2.14205	5.47688	3.96401
2	1.77346	5.10352	3.42806
2	1.63699	5.33578	3.88487
2	2.27851	5.24462	3.50719
3	3.83203	2.77628	-0.370285
1	0.38481	1.64959	0.122268
2	0.328637	1.77876	0.46981
2	0.440983	1.52042	-0.225274
2	0.342149	1.29817	0.245984
2	0.427471	2.00101	-0.00144796
3	1.27815	5.53352	4.75605
1	2.23413	2.7673	-0.41551
2	1.92606	2.63194	-0.581021
2	2.5422	2.90266	-0.249998
2	2.19179	2.52138	-0.135586
2	2.27647	3.01322	9.70457
3	6.51107	5.92905	5.20867
1	3.19175	1.56378	0.415132
2	3.21515	1.81686	0.690866
2	3.16836	1.3107	0.139399
2	2.87436	1.43079	0.564125
2	3.50915	1.69676	0.26614
3	7.49735	1.47297	8.40358
1	1.45709	3.1868	8.19257
2	1.33157	2.83347	8.19758
2	1.58261	3.54013	8.18757
2	1.75168	3.0851	8.40114
2	1.1625	3.2885	7.98401
3	9.47194	2.12099	2.45692
1	9.23781	3.17044	8.96718
2	9.57616	3.28382	9.08243
2	8.89945	3.05706	8.85192
2	9.3929	3.01828	8.66154
2	9.08271	3.3226	9.27282
3	5.71052	6.90696	0.040546
1	8.30605	0.738031	1.98656
2	8.64498	0.870386	2.07727
2	7.96711	0.605676	1.89585
2	8.39103	0.769768	1.6227
2	8.22106	0.706294	2.35042
3	6.79333	6.52875	-0.0125921
1	9.39348	1.56686	2.58209
2	9.33361	1.20519	2.66109
2	9.45334	1.92852	2.50309
2	9.21314	1.66523	2.89582
2	9.57381	1.46848	2.26836
3	8.6035	1.00093	3.22007
1	2.17171	2.55015	2.28187
2	1.83949	2.71835	2.32615
2	2.50394	2.38195	2.23759
2	2.14319	2.40329	2.62573
2	2.20023	2.69701	1.938
3	0.560648	1.30898	3.94444
1	1.77171	5.5587	4.44649
2	1.46104	5.54909	4.6563
2	2.08237	5.5683	4.23668
2	1.57546	5.43851	4.1504
2	1.96795	5.67888	4.74257
3	8.87065	0.103659	1.27935
1	5.03843	3.11455	0.0617304
2	4.6827	3.11238	-0.05692
2	5.39415	3.11671	0.180381
2	5.0205	3.48616	0.108701
2	5.05635	2.74293	0.0147602
3	9.47874	5.58008	6.77614
1	4.99356	8.08551	2.63
2	5.24948	8.34934	2.55571
2	4.73763	7.82168	2.7043
2	4.87103	8.28656	2.92188
2	5.11609	7.88446	2.33813
3	4.34674	4.98076	5.90155
1	3.52123	3.60174	0.39537
2	3.43789	3.47041	0.0541484
2	3.60457	3.73306	0.736591
2	3.19724	3.79045	0.401869
2	3.84522	3.41302	0.388871
3	1.37758	5.6879	7.28881
1	2.87067	3.43598	0.129945
2	3.19627	3.41885	-0.0553043
2	2.54508	3.45311	0.315195
2	2.75822	3.12039	-0.0385305
2	2.98313	3.75157	0.298421
3	-0.149768	7.44772	5.46461
1	2.1046	1.82029	0.0518476
2	2.0697	1.44978	0.0979777
2	2.1395	2.1908	0.00571755
2	2.47103	1.77741	-0.015317
2	1.73816	1.86317	0.119012
3	9.3069	2.77435	-0.0267241
1	-0.177316	2.53362	2.99015
2	-0.206907	2.45612	3.35586
2	-0.147725	2.61111	2.62444
2	-0.541518	2.62232	2.97948
2	0.186886	2.44491	3.00082
3	6.97187	8.11609	7.03841
1	5.31659	4.31464	4.4029
2	5.53154	4.06746	4.22037
2	5.10163	4.56182	4.58544
2	5.48233	4.59549	4.21777
2	5.15084	4.03378	4.58804
3	0.253584	7.53836	2.64007
1	0.435242	2.55171	2.44874
2	0.798381	2.45814	2.44812
2	0.0721032	2.64527	2.44936
2	0.40785	2.44303	2.8066
2	0.462635	2.66038	2.09088
3	1.85878	9.1647	3.43163
1	0.800209	7.49929	6.50192
2	0.659227	7.17825	6.36894
2	0.941191	7.82033	6.63491
2	1.13194	7.33222	6.55357
2	0.468477	7.66636	6.45028
3	2.87424	7.65028	6.96481
1	3.44962	7.90746	2.05086
2	3.4534	7.7662	1.7035
2	3.44584	8.04871	2.39822
2	3.08681	7.99387	2.01177
2	3.81243	7.82104	2.08995
3	1.84719	7.69972	2.34049
1	-0.423134	6.85729	3.2905
2	-0.36777	7.21801	3.20421
2	-0.478498	6.49658	3.37678
2	-0.0856663	6.8445	3.45352
2	9.6394	6.87009	3.12747
3	6.03765	8.69056	3.75373
1	2.515	4.00129	0.599792
2	2.4384	3.64553	0.509265
2	2.5916	4.35704	0.690319
2	2.17295	4.03689	0.749314
2	2.85706	3.96568	0.45027
3	8.0875	9.66582	1.12183
1	-0.481686	6.12028	3.96873
2	-0.10847	6.08658	3.95463
2	9.5451	6.15398	3.98284
2	-0.484978	6.23344	3.61123
2	-0.478394	6.00712	4.32624
3	8.55519	7.42248	8.17516
1	4.78126	6.97239	0.646197
2	4.87471	7.12168	0.977259
2	4.68781	6.82309	0.315135
2	4.49312	7.21095	0.619951
2	5.0694	6.73382	0.672442
3	2.08628	5.69297	4.9147
1	-0.036587	9.20709	5.07086
2	-0.154461	9.56111	5.0335
2	0.0812871	8.85306	5.10822
2	-0.283722	9.15404	5.34787
2	0.210548	9.26013	4.79385
3	6.6445	8.66291	6.6348
1	1.34367	7.63308	7.02923
2	1.14551	7.85236	6.79842
2	1.54183	7.41379	7.26003
2	1.32855	7.35503	6.77805
2	1.3588	7.91112	7.2804
3	1.77564	8.05643	3.1023
1	5.0239	7.48289	1.67155
2	5.10397	7.66859	1.98735
2	4.94384	7.29718	1.35575
2	5.30347	7.24301	1.74172
2	4.74434	7.72277	1.60137
3	3.70805	7.37211	8.14263
1	0.00754036	2.19928	0.327005
2	-0.173667	2.43778	0.101375
2	0.188748	1.96079	0.552635
2	0.301809	2.20299	0.0945889
2	-0.286728	2.19558	0.559421
3	3.99402	7.75904	2.13788
1	5.16019	6.79357	0.101633
2	4.79023	6.74535	0.139487
2	5.53015	6.84178	0.0637789
2	5.11032	6.89568	-0.255732
2	5.21006	6.69145	0.458998
3	5.16018	2.26957	9.63092
1	2.97685	7.48866	1.78161
2	2.67516	7.37465	1.97295
2	3.27854	7.60267	1.59027
2	2.91421	7.84124	1.89292
2	3.03949	7.13608	1.6703
3	6.33996	6.90483	0.547306
1	8.08293	9.21673	0.763315
2	7.77276	9.09108	0.932539
2	8.39309	9.34237	0.59409
2	8.09668	9.50511	1.00263
2	8.06917	8.92835	0.523995
3	6.1872	9.68578	6.89798
1	-0.170209	7.90742	2.79776
2	0.0625632	8.03603	3.06214
2	-0.402981	7.77881	2.53337
2	-0.428101	8.15867	2.90259
2	0.0876832	7.65617	2.69292
3	4.69192	0.0074573	3.62608
1	2.40809	8.84798	2.32918
2	2.63818	8.89607	2.037
2	2.17799	8.79989	2.62136
2	2.5603	9.14616	2.49813
2	2.25587	8.5498	2.16023
3	9.21678	9.30645	5.65292
1	6.40162	9.16592	6.75333
2	6.27996	9.02442	7.07861
2	6.52328	9.30741	6.42806
2	6.2571	9.49973	6.84449
2	6.54615	8.83211	6.66218
3	0.577632	3.8117	-0.788006
1	2.5887	8.42918	1.674
2	2.39791	8.69468	1.49033
2	2.77949	8.16369	1.85767
2	2.86087	8.44672	1.41662
2	2.31653	8.41165	1.93138
3	4.58378	7.846	1.58737
1	1.94926	8.21647	2.57204
2	2.03527	8.55064	2.71887
2	1.86326	7.88229	2.42522
2	2.08366	8.32772	2.2401
2	1.81487	8.10521	2.90399
3	3.85646	0.343186	3.17258
1	6.12383	8.81052	0.0829614
2	6.27264	9.04348	0.336358
2	5.97503	8.57755	-0.170435
2	5.81971	9.0288	0.0608718
2	6.42795	8.59223	0.105051
3	9.28024	1.02405	2.74271
1	-0.103024	8.39289	0.619851
2	-0.0950236	8.4536	0.249884
2	-0.111025	8.33219	0.989818
2	-0.232283	8.04598	0.560132
2	0.0262345	8.73981	0.67957
3	4.02958	8.79291	4.64686
1	6.30958	8.65581	6.15823
2	6.08457	8.6553	5.85824
2	6.53459	8.65631	6.45823
2	6.18559	8.31449	6.25181
2	6.43357	8.99712	6.06466
3	5.20345	8.72437	3.74022
1	5.63931	9.07802	3.58081
2	5.91475	9.30657	3.46891
2	5.36386	8.84947	3.6927
2	5.89354	8.82372	3.68721
2	5.38507	9.33232	3.47441
3	0.0603435	6.64971	5.38699
1	7.17846	8.61579	6.83677
2	7.07771	8.26993	6.94097
2	7.27921	8.96165	6.73258
2	6.82271	8.69207	6.74595
2	7.53421	8.53952	6.9276
3	4.61619	-0.556129	5.04763
1	1.60974	8.81808	6.05501
2	1.65406	8.46824	6.18256
2	1.56541	9.16793	5.92745
2	1.35428	8.88297	6.32176
2	1.8652	8.75319	5.78826
3	2.50534	-0.247893	9.37109
1	1.68436	0.109899	0.293788
2	1.91867	0.302797	0.51405
2	1.45006	-0.0829998	0.0735264
2	1.4088	0.350521	0.376194
2	1.95993	-0.130724	0.211382
3	2.26442	8.38058	4.91548
1	3.48928	0.70636	1.46382
2	3.46187	1.04358	1.62556
2	3.51669	0.369144	1.30208
2	3.11942	0.705974	1.40194
2	3.85914	0.706746	1.52569
3	4.6334	-0.468051	2.46035
1	7.64957	-0.0971555	0.72509
2	7.73965	-0.361274	0.474588
2	7.55948	0.166963	0.975591
2	7.28559	-0.166576	0.667389
2	8.01354	-0.0277349	0.782791
3	4.46806	0.338857	-0.167927
1	8.7867	0.11168	0.714388
2	8.42312	0.0395032	0.771209
2	9.15027	0.183857	0.657567
2	8.8425	0.122384	1.08506
2	8.73089	0.100976	0.343718
3	0.445617	1.22596	2.48107
1	3.07195	-0.239083	-0.0214128
2	3.02667	-0.468703	-0.314414
2	3.11723	-0.00946421	0.271588
2	2.88409	-0.479806	0.196269
2	3.25981	0.00163907	-0.239095
3	5.99075	8.29045	4.44733
1	9.67259	7.27378	2.72293
2	-0.478435	7.35488	2.99137
2	9.42362	7.19268	2.45449
2	9.52509	7.00635	2.94052
2	-0.579911	7.54121	2.50533
3	2.89552	8.03011	1.94827
1	8.89706	0.527661	1.6639
2	8.89578	0.274831	1.38695
2	8.89834	0.780491	1.94085
2	8.58865	0.685918	1.52085
2	9.20547	0.369404	1.80695
3	4.86449	9.62517	7.90548
1	3.51534	9.39328	6.65935
2	3.80173	9.17247	6.75858
2	3.22894	9.61408	6.56013
2	3.34505	9.10026	6.49883
2	3.68563	9.68629	6.81988
3	3.12251	-0.622769	1.66128
1	2.3363	0.00705332	4.33967
2	1.99102	0.0514316	4.47911
2	2.68157	-0.037325	4.20024
2	2.48201	0.143904	4.65695
2	2.19058	-0.129798	4.0224
3	7.8726	8.22613	8.69087
1	4.39882	-0.327942	4.00554
2	4.21243	-0.534732	4.25678
2	4.58521	-0.121152	3.7543
2	4.70418	-0.339077	4.22291
2	4.09345	-0.316807	3.78816
3	4.21054	1.22778	0.528347
1	3.98764	0.153484	1.57458
2	3.67811	0.180867	1.36466
2	4.29717	0.126102	1.7845
2	4.02074	0.52702	1.5745
2	3.95454	-0.220052	1.57466
3	6.42322	-0.163088	4.13783
1	6.67732	-0.577869	7.93756
2	6.76044	-0.505724	7.57907
2	6.59419	-0.650014	8.29604
2	6.71251	9.45463	7.87176
2	6.64212	-0.210368	8.00335
3	7.36892	9.15455	6.72565
1	0.361865	1.39441	1.93289
2	0.268029	1.48464	1.58122
2	0.455701	1.30418	2.28457
2	0.617398	1.66886	1.93513
2	0.106333	1.11996	1.93066
3	8.29988	9.56841	2.24019
1	2.86903	9.55383	2.12869
2	2.7083	9.40146	2.4313
2	3.02977	9.70621	1.82609
2	2.56639	-0.631038	2.07627
2	3.17168	9.33871	2.18112
3	9.66633	2.6828	2.97888
1	9.64549	2.34743	4.06349
2	9.45971	2.25858	3.75009
2	-0.568732	2.43627	4.37689
2	-0.571389	2.02057	4.0476
2	9.46236	2.67429	4.07938
3	0.910484	5.74873	6.61515
1	4.23806	0.745585	3.34828
2	4.47311	1.0121	3.46807
2	4.00302	0.47907	3.2285
2	4.01674	0.807591	3.64459
2	4.45938	0.683579	3.05198
3	4.75452	-0.152144	8.37323
1	3.25827	6.77149	5.60856
2	3.25223	6.4358	5.77559
2	3.26431	7.10718	5.44152
2	2.89452	6.7362	5.52448
2	3.62201	6.80678	5.69263
3	2.66074	1.1734	2.01524
1	6.58928	9.59574	3.24672
2	6.50238	9.5851	2.88208
2	6.67618	9.60638	3.61135
2	6.93992	9.69671	3.16021
2	6.23865	9.49476	3.33323
3	7.79693	0.503775	1.8562
1	3.73848	9.46145	2.58243
2	4.0092	9.58977	2.80798
2	3.46776	9.33312	2.35689
2	3.97722	9.46603	2.29328
2	3.49975	9.45686	2.87159
3	5.47852	5.18998	5.99838
1	9.35829	0.694169	2.28135
2	9.40135	0.460421	1.99129
2	9.31523	0.927916	2.57141
2	9.02905	0.80689	2.14163
2	9.68753	0.581447	2.42107
3	4.65231	0.26557	4.91228
1	9.16462	1.14548	3.30333
2	8.80297	1.06316	3.24802
2	9.52627	1.2278	3.35863
2	9.10891	1.48713	3.1591
2	9.22033	0.803837	3.44755
3	3.76413	0.621132	0.185215
1	8.11302	0.723828	3.11825
2	8.05024	0.693596	3.48672
2	8.17579	0.754061	2.74978
2	8.42612	0.918216	3.18755
2	7.79991	0.529441	3.04896
3	4.66965	1.26757	9.328
1	0.275242	1.04038	3.52221
2	0.577098	1.03718	3.29973
2	-0.0266137	1.04359	3.74469
2	0.0697125	0.89272	3.24549
2	0.480772	1.18805	3.79894
3	-0.526563	1.92473	1.44866
1	6.96564	4.98781	5.6272
2	7.20963	4.7559	5.46194
2	6.72164	5.21971	5.79247
2	6.68787	4.74603	5.55639
2	7.2434	5.22959	5.69801
3	0.986802	2.39011	2.48254
1	2.28583	2.9247	0.252835
2	2.35408	3.27048	0.38089
2	2.21757	2.57891	0.124779
2	2.57708	2.954	0.0184513
2	1.99457	2.89539	0.487218
3	1.08157	3.77239	7.2134
1	3.20885	3.84223	1.3245
2	3.02243	4.07996	1.10233
2	3.39527	3.60451	1.54667
2	2.9324	3.86155	1.57714
2	3.4853	3.82291	1.07186
3	2.20024	2.79979	1.75302
1	2.03111	2.82839	1.20982
2	2.15246	2.80772	1.56404
2	1.90975	2.84907	0.855603
2	1.92819	3.18461	1.26587
2	2.13403	2.47218	1.15377
3	3.62607	3.81141	0.920155
1	8.58541	3.53535	9.03529
2	8.51385	3.86154	9.20589
2	8.65696	3.20916	8.86469
2	8.3145	3.60635	8.7859
2	8.85631	3.46435	9.28468
3	8.1895	0.739196	2.54864
1	7.87847	9.27824	7.859
2	7.99282	9.6281	7.93074
2	7.76412	8.92838	7.78725
2	7.60457	9.41249	7.64087
2	8.15236	9.14398	8.07713
3	0.285731	4.6037	7.20698
1	1.58047	5.93217	5.04177
2	1.41777	5.6806	4.81622
2	1.74317	6.18373	5.26731
2	1.91712	5.79024	4.95722
2	1.24382	6.07409	5.12631
3	7.33729	4.62651	5.38665
1	-0.29369	1.46316	1.7086
2	-0.440526	1.76564	1.54256
2	-0.146854	1.16068	1.87464
2	0.0089257	1.48934	1.48868
2	-0.596306	1.43697	1.92852
3	-0.289011	7.67024	1.64225
1	1.04468	5.57038	5.28559
2	1.17069	5.49622	4.94027
2	0.918672	5.64453	5.63092
2	1.07328	5.93796	5.2171
2	1.01608	5.2028	5.35409
3	9.32748	2.84625	4.07512
1	2.67749	1.74893	2.1314
2	2.69957	2.11787	2.19476
2	2.65541	1.37998	2.06804
2	2.58873	1.69242	2.49134
2	2.76625	1.80543	1.77147
3	2.69473	6.69195	5.49161
1	4.63549	1.25516	2.99984
2	4.63626	1.62642	3.05265
2	4.63473	0.883899	2.94702
2	4.63405	1.30798	2.62858
2	4.63693	1.20235	3.3711
3	6.51432	6.90376	8.2876
1	5.44787	5.81599	4.7181
2	5.38722	5.96419	5.05719
2	5.50852	5.66778	4.37901
2	5.13931	5.60604	4.75467
2	5.75643	6.02593	4.68152
3	7.34539	5.96947	5.19338
1	4.46422	7.55837	1.10365
2	4.53647	7.72558	1.43144
2	4.39197	7.39117	0.775858
2	4.18087	7.79678	1.04449
2	4.74757	7.31996	1.1628
3	-0.0883498	8.50384	0.0606862
1	8.85889	3.39251	5.41459
2	8.97331	3.38018	5.77149
2	8.74447	3.40483	5.05768
2	9.21553	3.37692	5.29971
2	8.50226	3.40809	5.52946
3	1.57965	8.23834	5.10117
1	0.331585	2.22275	3.55014
2	0.363675	2.30941	3.18671
2	0.299495	2.13609	3.91358
2	0.649156	2.02425	3.53085
2	0.0140143	2.42125	3.56943
3	1.1178	0.264885	9.39852
1	1.07174	7.98831	5.2333
2	1.37138	8.19345	5.13971
2	0.772094	7.78317	5.32689
2	0.885896	8.12485	4.93758
2	1.25757	7.85177	5.52901
3	-0.406364	9.14139	5.51579
1	1.66874	8.23848	5.66771
2	1.63475	8.24226	5.29427
2	1.70273	8.23471	6.04115
2	1.86474	8.55785	5.6531
2	1.47275	7.91911	5.68232
3	2.14413	-0.195521	3.84207
1	1.5559	7.59715	2.82578
2	1.73676	7.68005	2.50791
2	1.37505	7.51424	3.14365
2	1.70451	7.90011	2.98935
2	1.4073	7.29419	2.6622
3	4.31029	8.41182	6.56083
1	1.81953	2.35855	1.66604
2	1.59973	2.06202	1.59979
2	2.03932	2.65507	1.73228
2	2.00746	2.29011	1.34883
2	1.63159	2.42699	1.98324
3	2.68581	2.31638	2.20825
1	4.78572	0.130642	2.97009
2	4.86163	-0.236029	2.99044
2	4.7098	0.497313	2.94975
2	4.49437	0.0578579	2.7455
2	5.07707	0.203426	3.19469
3	3.82435	6.82226	5.70895
1	6.58279	8.52355	7.19479
2	6.54287	8.41579	7.55174
2	6.62271	8.6313	6.83783
2	6.35011	8.81127	7.25562
2	6.81547	8.23583	7.13395
3	5.8983	6.16478	4.63232
1	8.86639	8.96197	5.34982
2	8.73639	8.79012	5.65673
2	8.9964	9.13381	5.04291
2	8.63092	8.76142	5.13779
2	9.10187	9.16251	5.56186
3	0.951152	8.81079	4.31695
1	1.06104	6.90371	6.19678
2	1.1823	7.14274	5.9345
2	0.939786	6.66469	6.45906
2	1.22441	7.11216	6.46227
2	0.897674	6.69527	5.93129
3	5.56464	4.75919	4.132
1	1.25504	8.51081	4.70246
2	0.94643	8.31754	4.79206
2	1.56366	8.70408	4.61286
2	1.0607	8.70165	4.44472
2	1.44939	8.31996	4.96021
3	3.33282	9.23632	2.22732
1	3.8387	7.25503	5.33748
2	3.46394	7.26648	5.34489
2	4.21345	7.24359	5.33006
2	3.84266	7.54141	5.09541
2	3.83474	6.96865	5.57954
3	2.09113	4.33865	7.84928
1	3.94386	3.29089	-0.142865
2	4.3084	3.20326	-0.135591
2	3.57931	3.37853	-0.150139
2	3.86784	2.96126	-0.304695
2	4.01987	3.62053	0.0189653
3	2.10572	2.33546	2.80159
1	1.08515	2.88727	2.21914
2	1.4523	2.8293	2.26874
2	0.717991	2.94525	2.16954
2	1.15975	3.2112	2.04555
2	1.01054	2.56335	2.39273
3	-0.365038	7.41589	3.14658
1	4.96075	7.33729	4.56226
2	5.33232	7.2895	4.5788
2	4.58918	7.38509	4.54571
2	4.9973	7.50627	4.22949
2	4.9242	7.16831	4.89502
3	3.99879	8.80621	3.79689
1	6.93516	5.65985	5.47875
2	7.17898	5.83771	5.25617
2	6.69134	5.48199	5.70134
2	7.21725	5.468	5.63446
2	6.65307	5.8517	5.32305
3	5.72977	6.68978	4.01894
1	6.25903	6.72568	0.00816166
2	6.30782	6.82966	0.365139
2	6.21025	6.6217	-0.348816
2	5.9016	6.83794	0.0243101
2	6.61647	6.61341	-0.00798683
3	1.63679	7.10847	5.36306
1	0.231902	6.50485	5.91699
2	0.312241	6.43063	6.27568
2	0.151562	6.57907	5.55829
2	-0.13403	6.47228	5.99221
2	0.597833	6.53742	5.84177
3	9.73391	1.24234	3.38413
1	0.558482	8.76666	4.73723
2	0.425215	9.11047	4.66899
2	0.691749	8.42284	4.80547
2	0.802794	8.80542	4.45539
2	0.314169	8.7279	5.01907
3	0.187021	1.50445	1.39142
1	1.10025	7.3209	5.41717
2	1.27099	7.60646	5.59018
2	0.929513	7.03534	5.24417
2	1.42441	7.13259	5.40809
2	0.776092	7.50922	5.42626
3	6.04861	9.43931	3.40093
1	1.78946	8.99161	3.98923
2	2.12382	8.82353	3.96521
2	1.4551	9.15969	4.01324
2	1.75397	8.87056	4.34237
2	1.82494	9.11266	3.63608
3	1.55214	8.54195	8.03407
1	4.86054	7.35145	3.11885
2	4.69227	7.56915	2.86406
2	5.0288	7.13376	3.37364
2	5.14566	7.59428	3.13804
2	4.57542	7.10863	3.09967
3	3.86979	8.11731	5.93918
1	3.94812	0.260006	3.74467
2	3.84937	0.303046	3.38547
2	4.04686	0.216966	4.10386
2	3.94928	0.632379	3.78897
2	3.94695	-0.112366	3.70037
3	5.53497	7.25257	4.55235
1	8.85425	-0.661865	2.17443
2	8.50536	9.61029	2.22499
2	9.20314	-0.53402	2.12388
2	8.91341	9.72301	2.54443
2	8.7951	-0.646743	1.80444
3	4.47134	0.126573	1.89238
1	0.335217	7.15403	5.33039
2	0.0264785	7.33332	5.44511
2	0.643955	6.97474	5.21568
2	0.517658	7.48104	5.31031
2	0.152775	6.82702	5.35048
3	-0.467166	1.83944	4.00479
1	0.547614	6.38229	5.24082
2	0.872882	6.21185	5.16481
2	0.222347	6.55272	5.31682
2	0.384253	6.0484	5.29041
2	0.710976	6.71617	5.19122
3	7.60219	5.78322	6.3024
1	9.40897	0.289691	1.25447
2	9.41917	0.312177	1.62866
2	9.39878	0.267204	0.880286
2	-0.638289	0.415812	1.23728
2	9.05624	0.163569	1.27166
3	7.65148	6.70622	8.20964
1	2.23227	9.24124	2.99791
2	2.47517	9.27212	2.71388
2	1.98937	9.21036	3.28193
2	2.34758	9.57174	3.13245
2	2.11696	8.91075	2.86336
3	-0.403064	7.21613	0.97742
1	0.748484	2.1207	0.437387
2	0.955194	2.03718	0.738917
2	0.541774	2.20422	0.135856
2	0.457826	1.93566	0.585392
2	1.03914	2.30573	0.289381
3	3.24253	8.94733	6.40673
1	3.51173	-0.0880966	3.35272
2	3.79632	-0.236785	3.54643
2	3.22714	0.0605914	3.15901
2	3.29804	-0.383706	3.43977
2	3.72542	0.207513	3.26568
3	2.84328	-0.03433	4.06793
1	7.73441	9.60411	2.30195
2	7.36177	9.63407	2.33144
2	8.10704	9.57414	2.27246
2	7.69748	9.49668	1.94457
2	7.77133	9.71154	2.65933
3	7.09978	2.15767	8.44544
1	5.64172	6.13085	4.11997
2	5.70988	6.4948	4.06066
2	5.57357	5.76689	4.17928
2	5.81083	6.1536	4.4539
2	5.47262	6.10809	3.78604
3	2.38979	-0.643569	3.20387
1	4.25083	8.47743	4.21765
2	4.42655	8.25967	4.4673
2	4.0751	8.69519	3.968
2	4.1099	8.68404	4.49707
2	4.39175	8.27081	3.93823
3	6.57897	-0.0236847	8.04685
1	-0.0289605	0.889728	2.49279
2	-0.330954	0.668715	2.46875
2	0.273033	1.11074	2.51683
2	-0.0181451	0.83462	2.86356
2	-0.0397759	0.944836	2.12202
3	8.8487	0.896839	2.10233
1	1.66267	7.66157	5.19411
2	1.48961	7.72815	5.52005
2	1.83574	7.59498	4.86816
2	1.67994	7.29645	5.27786
2	1.64541	8.02669	5.11036
3	8.88124	7.03104	9.20219
1	-0.115132	1.85659	1.06068
2	0.153659	1.8293	0.800621
2	-0.383922	1.88389	1.32074
2	0.086333	1.64045	1.29159
2	-0.316596	2.07273	0.829769
3	2.16468	-0.0404298	2.69307
1	1.83397	0.280493	3.95272
2	2.0207	-0.0380041	3.88703
2	1.64723	0.598989	4.01841
2	1.88067	0.381725	3.59467
2	1.78726	0.179261	4.31076
3	0.676759	6.94625	3.02591
1	3.52179	0.778755	3.35117
2	3.76345	0.818655	3.63513
2	3.28014	0.738855	3.0672
2	3.32785	1.07503	3.47459
2	3.71574	0.482482	3.22775
3	5.96181	5.78983	5.7326
1	9.37438	3.03179	5.69784
2	9.60613	2.78969	5.52961
2	9.14263	3.2739	5.86607
2	9.38329	3.25143	5.39402
2	9.36548	2.81215	6.00166
3	9.13055	2.78024	2.37181
1	4.37834	-0.179562	4.67612
2	4.52593	-0.41556	4.92741
2	4.23075	0.0564362	4.42483
2	4.19872	-0.465522	4.51306
2	4.55795	0.106398	4.83919
3	4.52214	0.891068	4.44324
1	2.59953	1.08129	2.57666
2	2.55	1.44867	2.63326
2	2.64906	0.713907	2.52006
2	2.55247	1.01845	2.94335
2	2.64659	1.14412	2.20997
3	7.50895	6.35966	6.7051
1	9.52461	9.18264	5.1881
2	9.32035	9.24559	5.49622
2	9.72887	9.11968	4.87998
2	-0.565866	9.15786	5.39835
2	9.21508	9.20742	4.97785
3	3.17981	-0.544159	3.4823
1	9.52565	2.16863	1.05964
2	9.75621	2.02258	1.31682
2	9.2951	2.31469	0.802468
2	-0.594388	2.17127	0.810158
2	9.2457	2.166	1.30912
3	1.71631	8.80913	4.53691
1	9.28431	5.10719	6.11227
2	9.58716	5.04423	5.90026
2	8.98147	5.17016	6.32427
2	9.13577	5.3156	5.83817
2	9.43286	4.89879	6.38636
3	0.806616	0.715555	4.41363
1	0.750955	8.27512	4.23914
2	0.607641	7.93058	4.20199
2	0.894268	8.61965	4.27629
2	0.748056	8.31651	3.86644
2	0.753854	8.23373	4.61184
3	5.66636	-0.31495	3.81471
1	2.84231	1.45138	3.11661
2	3.04084	1.76893	3.09739
2	2.64377	1.13383	3.13582
2	3.06597	1.32816	3.39123
2	2.61865	1.57459	2.84198
3	7.68467	2.47742	8.92791
1	4.91753	0.476196	4.4419
2	5.18941	0.217932	4.4442
2	4.64564	0.73446	4.4396
2	5.06899	0.63293	4.13675
2	4.76606	0.319462	4.74705
3	2.01734	5.86831	6.8443
1	4.2566	1.74623	0.259616
2	3.88764	1.74616	0.192599
2	4.62557	1.7463	0.326633
2	4.28481	2.08625	0.104012
2	4.2284	1.4062	0.41522
3	5.48179	6.35885	7.46082
1	4.19252	2.77717	0.244875
2	4.28584	2.4509	0.0852919
2	4.09921	3.10344	0.404457
2	3.97156	2.59541	0.487281
2	4.41349	2.95893	0.00246794
3	8.20492	4.04084	4.91964
1	1.2665	1.51826	1.17324
2	1.09996	1.29184	0.925008
2	1.43305	1.74469	1.42147
2	1.15858	1.81669	0.973434
2	1.37443	1.21984	1.37304
3	9.70757	6.08508	7.33667
1	9.6626	6.63125	7.13202
2	-0.514574	6.53408	6.84648
2	9.43977	6.72842	7.41755
2	9.70432	6.28959	7.28085
2	9.62087	6.97291	6.98318
3	0.0699238	8.1161	5.71576
1	2.80682	0.622756	1.93534
2	2.73814	0.543221	2.29531
2	2.87551	0.702291	1.57536
2	2.88932	0.262558	1.8715
2	2.72433	0.982955	1.99918
3	2.75884	4.50786	7.34524
1	2.37807	8.31369	5.47284
2	2.10753	8.55548	5.56753
2	2.64862	8.0719	5.37814
2	2.30826	8.37767	5.10999
2	2.44788	8.24971	5.83568
3	3.87294	5.65633	6.11526
1	5.72153	6.71109	4.60197
2	5.72981	6.74609	4.97524
2	5.71324	6.67609	4.22869
2	5.60463	7.06608	4.57128
2	5.83842	6.3561	4.63266
3	2.53158	0.96528	3.13437
1	9.49193	2.7671	3.51969
2	9.58492	3.12873	3.48505
2	9.39894	2.40546	3.55432
2	9.38807	2.82782	3.87486
2	9.59579	2.70637	3.16451
3	4.64394	3.94057	5.50373
1	5.83889	5.90913	7.42325
2	5.99663	6.06037	7.11851
2	5.68114	5.75788	7.72799
2	6.07799	5.62089	7.40396
2	5.59978	6.19737	7.44253
3	9.34493	6.18331	3.97245
1	8.51782	3.78288	4.51154
2	8.42575	4.05421	4.26961
2	8.60989	3.51156	4.75347
2	8.71665	3.61154	4.24371
2	8.31899	3.95423	4.77937
3	9.13704	4.78834	8.78982
1	8.71552	0.925529	2.6565
2	8.78296	0.881932	2.2902
2	8.64808	0.969125	3.0228
2	8.35705	0.829954	2.60187
2	9.074	1.0211	2.71112
3	2.24376	5.47443	8.73817
1	1.32374	6.63165	5.26415
2	1.50454	6.9568	5.31123
2	1.14295	6.30651	5.21707
2	1.63788	6.44483	5.34805
2	1.00961	6.81848	5.18025
3	-0.547809	4.49656	8.52422
1	2.61546	6.53801	6.04455
2	2.54397	6.46356	6.40507
2	2.68695	6.61245	5.68404
2	2.24758	6.53909	5.97183
2	2.98334	6.53692	6.11728
3	4.00273	8.9207	8.19792
1	4.96565	5.08089	5.13221
2	5.01491	4.83692	4.85172
2	4.91639	5.32486	5.41271
2	4.9554	4.79716	5.3772
2	4.9759	5.36462	4.88723
3	1.97571	8.59203	6.97873
1	9.50017	-0.523172	2.68456
2	-0.546985	-0.402764	2.64425
2	9.14732	-0.643581	2.72488
2	9.56295	-0.5851	3.04905
2	9.43739	-0.461244	2.32008
3	2.73185	5.71405	8.06787
1	8.85935	2.01128	0.938472
2	8.72868	1.86865	0.617212
2	8.99002	2.1539	1.25973
2	8.6491	1.76833	1.13185
2	9.06961	2.25422	0.745093
3	4.31605	2.26676	0.0133878
1	0.201064	4.33487	6.09776
2	0.0496616	4.59193	6.32497
2	0.352467	4.07782	5.87054
2	-0.00861405	4.06897	6.25886
2	0.410743	4.60078	5.93665
3	8.30307	6.85363	8.68338
1	4.07237	3.45753	0.993286
2	4.35498	3.21856	1.05369
2	3.78975	3.6965	0.932885
2	4.06493	3.35741	0.631975
2	4.0798	3.55765	1.3546
3	0.0486403	5.72201	7.36853
1	1.33863	6.0482	5.67674
2	1.50861	5.97926	6.00382
2	1.16865	6.11714	5.34966
2	1.63672	6.24549	5.56341
2	1.04054	5.85091	5.79007
3	-0.0137211	4.725	6.4659
1	4.0399	9.29237	4.10302
2	4.07798	9.606	4.30502
2	4.00182	8.97873	3.90101
2	4.41115	9.2405	4.11356
2	3.66865	9.34424	4.09247
3	0.293566	7.75554	6.44005
1	1.08123	1.44624	3.08373
2	0.921871	1.47291	2.74532
2	1.24058	1.41958	3.42214
2	0.868127	1.14739	3.16053
2	1.29433	1.7451	3.00693
3	0.192152	8.11185	3.19938
1	3.54019	8.53483	6.14311
2	3.2365	8.36938	5.99813
2	3.84389	8.70028	6.2881
2	3.75635	8.26447	5.99886
2	3.32404	8.80519	6.28736
3	1.90518	3.02434	8.52064
1	4.5628	7.8591	8.72641
2	4.65251	7.90451	9.08768
2	4.47308	7.8137	8.36514
2	4.49744	8.22714	8.69638
2	4.62816	7.49106	8.75643
3	5.0044	4.68518	4.70815
1	5.35965	6.51192	3.60035
2	5.22928	6.85863	3.54186
2	5.49002	6.16521	3.65883
2	5.11948	6.37855	3.34509
2	5.59982	6.64529	3.8556
3	6.35061	7.55424	6.76347
1	2.2963	8.80539	4.53955
2	1.92243	8.81638	4.51267
2	2.67018	8.79439	4.56642
2	2.32198	9.09273	4.29997
2	2.27063	8.51804	4.77912
3	0.34415	9.29524	4.6596
1	7.66244	4.87484	5.8026
2	7.8919	5.02777	6.05673
2	7.43297	4.72191	5.54847
2	7.49451	5.20668	5.75453
2	7.83036	4.543	5.85066
3	-0.331166	6.48547	6.05122
1	-0.525325	6.82135	6.47279
2	-0.502702	6.54076	6.72055
2	-0.547948	7.10193	6.22503
2	9.73857	7.0464	6.7401
2	-0.389219	6.59629	6.20549
3	1.67645	8.27818	6.25178
1	9.40332	6.53173	3.52684
2	9.06927	6.68349	3.60433
2	-0.662631	6.37998	3.44935
2	9.44179	6.76504	3.23578
2	9.36485	6.29843	3.81789
3	3.23057	0.969811	9.23507
1	1.52694	8.26673	6.81864
2	1.83511	8.45932	6.91116
2	1.21876	8.07413	6.72613
2	1.4473	8.2196	7.18205
2	1.60657	8.31385	6.45524
3	3.52413	0.183657	1.22029
1	3.33134	7.83848	5.17024
2	3.29426	7.48554	5.2914
2	3.36841	8.19143	5.04909
2	2.98979	7.91962	5.3021
2	3.67288	7.75734	5.03839
3	1.99515	0.408905	3.40913
1	4.0141	7.8277	1.56865
2	4.38628	7.87294	1.57649
2	3.64192	7.78245	1.56082
2	4.01474	7.88657	1.1983
2	4.01346	7.76883	1.939
3	4.10696	-0.623147	4.4023
1	2.16522	6.89781	5.45132
2	2.05808	6.68374	5.73998
2	2.27236	7.11188	5.16267
2	2.51463	6.76533	5.48276
2	1.81581	7.0303	5.41989
3	2.86727	8.77428	4.54958
1	3.95724	8.24154	4.81632
2	4.30693	8.15949	4.70858
2	3.60755	8.32359	4.92406
2	4.0097	8.59865	4.7146
2	3.90479	7.88443	4.91803
3	4.32842	0.00411975	2.63443
1	9.66188	0.0580387	2.27642
2	9.5014	0.236386	1.98822
2	-0.577635	-0.120309	2.56463
2	9.51025	-0.26493	2.161
2	-0.586482	0.381008	2.39185
3	3.47678	1.91569	3.85788
1	7.52255	5.92942	5.7431
2	7.59213	6.29242	5.80649
2	7.45298	5.56643	5.6797
2	7.58541	5.85417	6.10505
2	7.4597	6.00468	5.38114
3	2.06107	6.5569	5.90777
1	2.46882	8.65168	7.25999
2	2.13758	8.6308	7.08543
2	2.80006	8.67257	7.43455
2	2.63664	8.50317	6.95931
2	2.301	8.8002	7.56066
3	9.75086	5.08956	5.77556
1	1.83647	8.75493	5.0964
2	1.67379	8.41719	5.10622
2	1.99915	9.09266	5.08658
2	1.74084	8.7905	4.73555
2	1.9321	8.71935	5.45725
3	0.758617	8.22653	4.81076
1	2.32731	7.80635	4.99933
2	2.3942	7.44014	5.04456
2	2.26042	8.17255	4.95409
2	2.62399	7.88706	5.21402
2	2.03063	7.72563	4.78464
3	3.04739	3.92319	0.38562
1	4.47456	7.70699	5.01668
2	4.49763	8.00309	4.78773
2	4.45148	7.41089	5.24563
2	4.44481	7.47978	4.71984
2	4.5043	7.9342	5.31352
3	2.18209	8.87652	7.71084
1	6.18944	-0.559357	3.78217
2	6.06126	9.58018	3.54478
2	6.31762	-0.298899	4.01956
2	6.53036	9.68502	3.76883
2	5.84852	-0.403737	3.79551
3	4.49649	8.13502	4.63214
1	-0.45096	5.11888	6.31756
2	9.68591	4.88842	6.45276
2	-0.18783	5.34933	6.18237
2	-0.298401	5.14506	6.65913
2	-0.603519	5.09269	5.976
3	5.00655	7.59151	4.04459
1	7.13375	9.28149	1.90483
2	6.78101	9.18592	1.98885
2	7.4865	9.37706	1.8208
2	7.12627	9.54426	2.17227
2	7.14124	9.01873	1.63739
3	5.61534	9.52757	8.13101
1	2.92339	9.55621	9.42068
2	3.07562	9.24147	9.55629
2	2.77116	9.87095	9.28507
2	2.85359	9.38246	9.09577
2	2.99319	9.72996	-0.654413
3	8.95879	9.71218	2.74194
1	0.0457332	1.55873	3.97935
2	0.389805	1.41017	3.96638
2	-0.298338	1.7073	3.99232
2	-0.101977	1.22372	3.89828
2	0.193443	1.89375	4.06042
3	9.38696	-0.431822	2.12448
1	0.160064	7.20173	3.09784
2	0.107546	6.97362	3.39081
2	0.212581	7.42984	2.80486
2	0.505225	7.06268	3.05144
2	-0.185098	7.34079	3.14423
3	1.55992	0.76251	4.09001
1	1.30055	0.410513	4.44816
2	1.6159	0.20895	4.47168
2	0.985204	0.612076	4.42464
2	1.46867	0.645651	4.20926
2	1.13244	0.175374	4.68706
3	4.76599	8.33328	7.22535
1	5.87511	-0.0552849	4.289
2	6.01113	0.109171	4.59735
2	5.73909	-0.219741	3.98065
2	6.22432	-0.131791	4.17576
2	5.5259	0.0212214	4.40224
3	2.91087	0.72106	1.37858
1	5.03478	8.95623	3.23855
2	5.1532	8.78964	3.55295
2	4.91635	9.12282	2.92415
2	4.88666	8.63187	3.12247
2	5.18289	9.2806	3.35463
3	2.7405	2.60812	3.28725
1	6.94013	9.26839	2.6911
2	7.2755	9.10067	2.69608
2	6.60476	9.43611	2.68613
2	7.08016	9.54203	2.4763
2	6.8001	8.99476	2.90591
3	4.86655	8.95851	-0.102832
1	5.78146	6.75732	0.589947
2	5.8202	6.66844	0.952198
2	5.74273	6.84619	0.227696
2	6.14387	6.85243	0.574529
2	5.41905	6.6622	0.605365
3	7.0172	8.52546	-0.519832
1	4.66778	1.60162	3.89161
2	4.64041	1.30003	3.67043
2	4.69514	1.90321	4.11279
2	5.00242	1.68091	3.7421
2	4.33314	1.52234	4.04113
3	9.29635	4.55119	7.27322
1	1.07348	1.0424	4.00902
2	0.906638	0.819376	4.26012
2	1.24032	1.26542	3.75792
2	0.748514	1.22038	3.95118
2	1.39845	0.864419	4.06687
3	6.06941	6.14741	6.95096
1	8.48604	9.17909	4.79433
2	8.48922	8.82922	4.92925
2	8.48287	9.52896	4.6594
2	8.85661	9.20267	4.84674
2	8.11547	9.15551	4.74191
3	3.20565	1.23272	3.51845
1	3.61996	9.61545	1.90521
2	3.79404	-0.532609	1.68877
2	3.44588	9.3635	2.12164
2	3.29268	9.7039	1.74494
2	3.94725	9.52699	2.06547
3	3.68063	1.77507	0.181344
1	1.59384	4.45992	7.57579
2	1.27412	4.53444	7.39454
2	1.91357	4.3854	7.75703
2	1.68524	4.82342	7.56401
2	1.50244	4.09642	7.58756
3	4.38635	7.35676	4.56154
1	6.97167	0.0159046	7.63394
2	7.23324	0.0537578	7.36791
2	6.7101	-0.0219487	7.89998
2	6.86732	-0.311914	7.4847
2	7.07602	0.343723	7.78318
3	5.14913	0.691579	3.96122
1	8.79739	4.40523	9.0439
2	9.02533	4.65766	8.88594
2	8.56945	4.1528	9.20185
2	8.53052	4.49017	8.79452
2	9.06427	4.32029	9.29327
3	2.56412	0.231496	4.81781
1	1.06452	3.73305	8.33958
2	1.12912	3.97071	8.62236
2	0.999922	3.49538	8.05679
2	0.697727	3.74033	8.41725
2	1.43132	3.72576	8.26191
3	6.80645	-0.481373	7.39006
1	8.19088	2.75647	8.87043
2	8.52015	2.92902	8.82113
2	7.8616	2.58392	8.91972
2	8.17519	2.88677	9.22171
2	8.20656	2.62617	8.51914
3	0.263881	2.07466	4.10146
1	2.34318	0.460707	2.93952
2	2.45767	0.787663	3.08311
2	2.22869	0.13375	2.79594
2	2.12211	0.40718	3.23767
2	2.56425	0.514233	2.64138
3	-0.0996179	3.91102	6.35311
1	9.18416	3.56439	6.49193
2	9.37789	3.84562	6.33701
2	8.99043	3.28316	6.64686
2	9.28648	3.68182	6.83306
2	9.08184	3.44696	6.15081
3	0.0939994	6.84114	3.54991
1	7.58242	1.96187	8.68924
2	7.27549	2.10207	8.52564
2	7.88935	1.82168	8.85284
2	7.52375	1.6335	8.51792
2	7.64109	2.29025	8.86056
3	-0.202534	5.15794	6.84349
1	3.21218	4.66579	7.67358
2	2.93487	4.5409	7.45421
2	3.4895	4.79067	7.89296
2	3.01074	4.57887	7.97771
2	3.41362	4.7527	7.36946
3	2.86307	4.56703	8.11414
1	4.47952	-0.35779	8.83929
2	4.44031	9.70992	8.66996
2	4.51873	-0.0255036	9.00863
2	4.30204	-0.490914	9.14162
2	4.65701	-0.224666	8.53697
3	8.58075	0.334951	7.14399
1	4.8203	4.30852	5.09598
2	4.94209	4.55285	4.8389
2	4.6985	4.06418	5.35307
2	4.94561	4.53316	5.36885
2	4.69498	4.08387	4.82312
3	6.60706	5.37931	5.8673
1	-0.461146	4.37607	6.37987
2	9.65708	4.13678	6.31685
2	-0.17937	4.61535	6.44289
2	9.69147	4.65062	6.44351
2	-0.213766	4.10151	6.31623
3	8.66709	3.36026	4.87623
1	5.77148	5.15465	7.61766
2	5.51839	5.42563	7.56162
2	6.02457	4.88368	7.6737
2	5.50615	4.93857	7.77107
2	6.0368	5.37074	7.46426
3	9.57579	7.08449	9.62374
1	0.116321	4.25156	6.77533
2	-0.00310551	4.02948	6.49777
2	0.235747	4.47364	7.0529
2	0.0255759	4.55372	6.57262
2	0.207066	3.94941	6.97805
3	3.00985	-0.578183	-0.479312
1	9.42589	3.77469	5.74507
2	9.1595	3.54257	5.87071
2	9.69227	4.0068	5.61944
2	9.47612	3.90534	6.09297
2	9.37565	3.64404	5.39718
3	7.83781	4.86812	6.95997
1	3.56487	4.92377	6.63891
2	3.8965	4.7502	6.66166
2	3.23323	5.09734	6.61615
2	3.50931	4.86564	7.00519
2	3.62042	4.9819	6.27263
3	0.567425	9.69354	9.09239
1	2.94202	5.01827	7.14676
2	2.81302	4.68644	7.26455
2	3.07102	5.3501	7.02898
2	3.29398	4.8931	7.17962
2	2.59005	5.14343	7.1139
3	1.46495	5.38357	3.98839
1	8.34429	3.84375	7.81902
2	8.44698	3.52686	7.99126
2	8.24161	4.16063	7.64679
2	7.98691	3.77845	7.91196
2	8.70168	3.90904	7.72608
3	0.63797	0.0676236	8.8132
1	6.39297	5.84987	6.10669
2	6.55647	5.54304	5.96615
2	6.22947	6.1567	6.24722
2	6.6697	5.88238	6.35766
2	6.11624	5.81737	5.85571
3	6.2028	5.46573	7.38677
1	7.6014	8.98949	7.2187
2	7.49598	9.30201	7.39715
2	7.70681	8.67696	7.04026
2	7.49012	9.13801	6.89284
2	7.71267	8.84096	7.54456
3	6.00637	7.12772	8.83614
1	0.238116	-0.341558	8.78595
2	0.0125313	-0.108714	8.59748
2	0.463701	-0.574401	8.97442
2	0.502333	-0.0757261	8.79812
2	-0.0261005	-0.607389	8.77378
3	1.74027	5.01725	7.57219
1	9.74734	4.83492	7.05071
2	-0.368051	5.03984	6.91793
2	9.46274	4.63	7.18348
2	9.60665	4.80587	6.70431
2	-0.511969	4.86397	7.3971
3	1.79012	4.86281	8.40514
1	2.1445	-0.131434	3.26825
2	2.0124	0.215267	3.32279
2	2.2766	-0.478135	3.21372
2	2.14649	-0.0724251	2.89793
2	2.14251	-0.190443	3.63858
3	3.10947	5.95747	6.28173
1	1.22337	2.15429	2.01305
2	1.04999	2.30186	2.31103
2	1.39674	2.00673	1.71507
2	0.930888	1.92675	1.95556
2	1.51585	2.38184	2.07054
3	1.42288	1.89862	2.97813
1	4.36264	5.55096	5.82742
2	4.04619	5.60866	6.02016
2	4.6791	5.49327	5.63467
2	4.38375	5.91775	5.75228
2	4.34154	5.18417	5.90256
3	1.82841	1.16285	9.3331
1	7.08692	5.59161	6.14056
2	7.2807	5.40013	5.88285
2	6.89315	5.78308	6.39827
2	6.76604	5.46626	5.99241
2	7.40781	5.71696	6.28871
3	9.08944	5.25357	8.1234
1	0.174501	5.16177	7.27953
2	-0.0808736	5.13217	7.00652
2	0.429877	5.19138	7.55253
2	0.256752	4.79783	7.24205
2	0.0922513	5.52572	7.317
3	4.40727	1.97615	9.64639
1	7.67604	5.49921	5.21089
2	7.47252	5.81405	5.20206
2	7.87956	5.18436	5.21972
2	7.84979	5.60267	4.89509
2	7.50229	5.39575	5.5267
3	3.07578	-0.679502	6.48745
1	5.93769	5.98026	5.18841
2	5.56628	6.02499	5.21441
2	6.3091	5.93552	5.16241
2	5.94807	5.86002	5.54346
2	5.92732	6.1005	4.83336
3	8.81713	5.20443	6.45259
1	-0.359249	8.00165	-0.0438748
2	-0.18568	8.32734	0.022629
2	-0.532818	7.67596	-0.110379
2	-0.40205	8.09795	-0.403764
2	-0.316448	7.90536	0.316014
3	1.059	6.13525	5.1734
1	4.82485	5.9571	5.10154
2	4.4685	5.89531	5.00246
2	5.18121	6.01888	5.20063
2	4.93471	5.67184	4.88433
2	4.71499	6.24236	5.31876
3	1.09725	4.58026	7.3131
1	6.54525	8.08896	6.65343
2	6.46734	7.72547	6.70274
2	6.62315	8.45245	6.60412
2	6.83125	8.06033	6.89428
2	6.25925	8.11758	6.41258
3	4.98889	8.31351	6.08634
1	1.46428	5.80767	6.73311
2	1.10083	5.78536	6.64347
2	1.82772	5.82998	6.82274
2	1.38113	5.7282	7.09003
2	1.54743	5.88714	6.37618
3	4.09029	8.36655	7.71592
1	5.88734	7.9063	6.78769
2	5.77048	7.75003	7.10792
2	6.0042	8.06257	6.46746
2	6.19121	7.68658	6.79136
2	5.58347	8.12602	6.78402
3	5.08721	8.29412	-0.49374
1	6.72126	6.80697	-0.508277
2	6.36854	6.68195	-0.532391
2	7.07399	6.93199	-0.484163
2	6.76513	6.62096	-0.185629
2	6.6774	6.99298	9.56908
3	5.17475	7.03969	3.49001
1	8.13795	5.66122	6.17552
2	8.20989	6.02791	6.14397
2	8.06602	5.29454	6.20707
2	7.78049	5.73849	6.25845
2	8.49541	5.58396	6.09259
3	8.49317	9.71948	4.60133
1	7.08229	6.78976	8.25762
2	6.71378	6.85332	8.2856
2	7.4508	6.7262	8.22964
2	7.04241	6.71979	7.89137
2	7.12217	6.85973	8.62387
3	7.15108	6.89098	8.82126
1	9.61331	8.97052	5.90437
2	-0.534333	9.09332	5.65565
2	9.36095	8.84772	6.15308
2	9.35004	9.18246	5.74189
2	-0.523425	8.75858	6.06684
3	3.4177	8.37116	4.95223
1	2.86376	5.47288	6.12272
2	2.68384	5.15988	6.0213
2	3.04368	5.78588	6.22414
2	3.00352	5.29553	6.42212
2	2.72399	5.65023	5.82333
3	9.05146	9.20585	4.86259
1	8.32356	5.02974	6.69357
2	8.51217	4.97855	7.01362
2	8.13495	5.08094	6.37353
2	8.00765	4.91793	6.86186
2	8.63947	5.14156	6.52528
3	2.17092	8.39163	2.0737
1	2.0723	6.21437	6.37697
2	1.75916	6.05387	6.24733
2	2.38544	6.37487	6.50662
2	2.08967	6.42865	6.06972
2	2.05492	6.00008	6.68423
3	4.59144	7.69455	2.73846
1	5.26329	5.12695	4.44789
2	5.06201	5.36594	4.65524
2	5.46456	4.88795	4.24054
2	5.08153	4.83846	4.60398
2	5.44504	5.41544	4.2918
3	-0.377827	8.64285	6.15144
1	4.43451	7.77995	4.17797
2	4.40113	7.5294	3.90096
2	4.46788	8.03051	4.45498
2	4.46924	8.05478	3.92521
2	4.39978	7.50513	4.43073
3	4.86793	-0.438603	2.97212
1	8.4524	7.28868	6.82817
2	8.77915	7.46919	6.79253
2	8.12564	7.10817	6.86382
2	8.36782	7.37152	6.47235
2	8.53697	7.20585	7.184
3	6.72657	7.63065	8.68483
1	5.60302	8.48594	4.08044
2	5.8797	8.60452	3.8568
2	5.32635	8.36737	4.30408
2	5.35005	8.62726	3.8424
2	5.85599	8.34463	4.31847
3	7.91651	9.1397	4.71065
1	8.01999	6.46644	6.95782
2	8.04029	6.10044	7.03692
2	7.9997	6.83244	6.87871
2	7.68994	6.41154	6.78848
2	8.35005	6.52134	7.12715
3	1.78796	0.103023	4.50399
1	7.93276	9.68314	4.49172
2	7.92675	9.33423	4.62901
2	7.93878	-0.367945	4.35444
2	8.29897	9.70715	4.56879
2	7.56655	9.65913	4.41466
3	-0.0208248	0.855379	3.06612
1	2.19928	8.35989	6.50088
2	1.86742	8.31683	6.33163
2	2.53113	8.40295	6.67012
2	2.02809	8.51201	6.79783
2	2.37046	8.20777	6.20392
3	8.02005	5.09125	6.21255
1	2.84005	8.35688	4.95239
2	2.82329	8.0752	5.19937
2	2.85681	8.63856	4.7054
2	2.46548	8.36552	4.93682
2	3.21463	8.34824	4.96795
3	3.95489	9.05838	6.82985
1	6.04813	5.2618	5.94997
2	5.96259	5.60246	5.81862
2	6.13366	4.92113	6.08132
2	5.68314	5.18558	5.98997
2	6.41311	5.33802	5.90997
3	1.48685	1.89606	1.55868
1	4.40006	-0.379884	3.30534
2	4.2156	-0.632131	3.09805
2	4.58453	-0.127636	3.51263
2	4.6974	-0.411329	3.07901
2	4.10273	-0.348439	3.53167
3	9.53443	4.77462	6.52269
1	9.09361	6.76676	9.66787
2	9.40304	6.97684	9.64048
2	8.78418	6.55669	-0.704736
2	8.95142	6.93676	9.36537
2	9.2358	6.59677	-0.429625
3	4.4776	8.19227	3.76545
1	7.50467	8.2661	7.95409
2	7.64848	8.58888	7.82854
2	7.36087	7.94333	8.07963
2	7.84585	8.11071	7.94538
2	7.16349	8.42149	7.96279
3	-0.563383	7.26528	6.11593
1	-0.503909	0.640385	1.88187
2	9.59541	0.418138	1.85321
2	-0.203227	0.862632	1.91053
2	-0.498999	0.681802	1.5092
2	-0.50882	0.598967	2.25454
3	4.11955	0.106937	6.65423
1	6.93714	1.59771	8.44742
2	6.57405	1.6786	8.49477
2	7.30024	1.51682	8.40007
2	6.8556	1.23168	8.44745
2	7.01868	1.96373	8.4474
3	1.88738	0.307951	9.55532
1	4.4277	8.22146	6.02907
2	4.06216	8.14515	5.9946
2	4.79323	8.29776	6.06355
2	4.48907	8.08231	5.68629
2	4.36632	8.3606	6.37185
3	1.52013	1.9108	0.121688
1	4.18502	-0.212731	7.13323
2	3.92434	-0.450229	7.0057
2	4.4457	0.0247672	7.26076
2	4.22825	-0.424671	7.43956
2	4.14179	-0.000790236	6.8269
3	4.62941	0.688888	2.9232
1	6.39127	9.14415	3.75719
2	6.1576	8.85167	3.73521
2	6.62493	9.43663	3.77917
2	6.17335	9.33607	3.51991
2	6.60918	8.95222	3.99447
3	3.63766	0.696699	7.77995
1	6.90882	-0.455589	4.24189
2	6.60309	-0.247453	4.17997
2	7.21455	9.73627	4.30381
2	6.82283	9.73019	3.94636
2	6.99481	-0.241367	4.53742
3	4.10499	0.164058	4.28568
1	5.35837	7.13567	4.01964
2	5.47162	7.20123	4.37107
2	5.24511	7.0701	3.66822
2	5.11969	7.42398	4.04277
2	5.59704	6.84735	3.99652
3	0.162592	8.67542	5.14126
1	0.846664	0.969863	4.93165
2	1.05311	0.686109	5.06389
2	0.640217	1.25362	4.79941
2	0.865208	1.13908	5.26579
2	0.82812	0.80065	4.59751
3	7.15418	9.66528	2.32839
1	-0.436726	5.63833	7.074
2	-0.285438	5.33929	6.90574
2	-0.588014	5.93737	7.24226
2	9.6523	5.59655	6.86864
2	-0.12575	5.6801	7.27936
3	6.6947	9.24546	7.85002
1	1.35128	4.21388	6.93695
2	1.16994	3.92933	7.10058
2	1.53261	4.49843	6.77332
2	1.1808	4.45527	7.16781
2	1.52175	3.97249	6.7061
3	3.51355	1.05529	8.50207
1	2.90113	-0.0422943	9.73648
2	2.80166	0.308676	9.64958
2	3.00059	-0.393265	-0.576617
2	2.63491	-0.174369	9.50776
2	3.16734	0.0897806	-0.434801
3	6.8098	1.04051	8.45006
1	4.91537	0.693403	-0.228023
2	4.94758	0.59465	-0.588349
2	4.88315	0.792157	0.132304
2	5.21271	0.91916	-0.263314
2	4.61802	0.467647	-0.192731
3	4.56826	0.168824	7.32958
1	2.505	0.275339	9.14906
2	2.34565	0.136024	8.83951
2	2.66435	0.414655	9.45862
2	2.5258	-0.0699891	9.29377
2	2.4842	0.620668	9.00435
3	6.20776	8.95533	7.25436
1	4.48813	0.328789	8.55807
2	4.44423	0.44098	8.20295
2	4.53203	0.216597	8.91319
2	4.31658	0.640083	8.67762
2	4.65968	0.0174941	8.43851
3	8.50494	8.64274	5.0244
1	6.0787	-0.0645738	8.32662
2	6.01139	-0.388739	8.15052
2	6.14601	0.259591	8.50272
2	5.75028	-0.0934604	8.50532
2	6.40712	-0.0356873	8.14792
3	2.12156	6.2812	7.92084
1	0.289808	0.867704	4.1906
2	0.606995	0.776722	4.36876
2	-0.0273798	0.958686	4.01245
2	0.11288	0.584272	4.36086
2	0.466736	1.15114	4.02035
3	9.18645	4.26874	9.44001
1	1.53838	2.35446	2.64811
2	1.89732	2.33265	2.75449
2	1.17945	2.37627	2.54173
2	1.4588	2.0517	2.85457
2	1.61797	2.65723	2.44165
3	6.93072	6.60555	7.15552
1	0.377114	3.29094	-0.657981
2	0.0280258	3.42494	9.71363
2	0.726202	3.15693	-0.629594
2	0.240142	2.95006	-0.582702
2	0.514086	3.63181	-0.733259
3	-0.162351	3.49496	9.72274
1	2.0936	4.91238	8.88757
2	1.7927	4.78857	9.07401
2	2.39449	5.03619	8.70114
2	1.90161	4.89462	8.56593
2	2.28558	4.93013	9.20921
3	5.37542	6.05523	5.24562
1	2.39851	-0.566907	2.63729
2	2.41251	-0.516194	2.266
2	2.38452	-0.617621	3.00858
2	2.53819	9.48761	2.59537
2	2.25884	-0.221426	2.67922
3	4.94418	6.4046	6.856
1	7.70599	5.32017	6.632
2	7.77398	5.01887	6.84466
2	7.638	5.62146	6.41934
2	7.90285	5.16696	6.352
2	7.50912	5.47337	6.91199
3	4.15067	1.50701	4.14497
1	9.70087	2.71901	2.40048
2	-0.326998	2.67828	2.42244
2	9.32873	2.75974	2.37852
2	9.67503	2.68373	2.77292
2	9.72671	2.7543	2.02804
3	8.83058	3.50371	4.11453
1	-0.562319	3.75192	6.67908
2	-0.254256	3.80719	6.47252
2	9.52962	3.69666	6.88565
2	-0.357019	3.5742	6.93772
2	9.63238	3.92965	6.42045
3	8.46014	3.35686	8.10445
1	1.76143	-0.394814	4.23295
2	1.75143	9.67642	4.05285
2	1.77143	-0.0660447	4.41305
2	2.02661	-0.273673	3.99709
2	1.49626	-0.515955	4.46882
3	6.85712	8.74843	8.76254
1	9.00559	3.10192	4.48162
2	8.79738	3.27574	4.74058
2	9.21379	2.92809	4.22266
2	9.09984	2.84018	4.73309
2	8.91133	3.36365	4.23015
3	1.07557	-0.510143	9.70776
1	1.25207	5.13343	7.29629
2	1.55943	5.05896	7.49781
2	0.944714	5.20791	7.09477
2	1.15603	4.77116	7.30888
2	1.34811	5.49571	7.28369
3	5.0658	7.76467	7.74757
1	-0.0111456	8.21567	6.28161
2	-0.227492	8.51165	6.20279
2	0.205201	7.91968	6.36042
2	-0.0662295	8.27299	6.64808
2	0.0439383	8.15835	5.91513
3	1.09936	1.97105	0.863751
1	8.10297	4.96833	7.46863
2	7.77119	4.97945	7.64306
2	8.43475	4.95722	7.29421
2	8.27689	5.0265	7.79573
2	7.92905	4.91016	7.14154
3	1.87048	2.85362	0.65569
1	2.33557	2.84922	2.9451
2	2.47622	3.18656	3.02903
2	2.19492	2.51188	2.86117
2	2.57859	2.68906	3.18157
2	2.09255	3.00937	2.70863
3	8.6111	4.95528	7.18652
1	5.19837	1.06877	9.4469
2	5.06113	0.735707	9.5511
2	5.33561	1.40184	9.3427
2	5.54606	0.94791	9.51851
2	4.85068	1.18963	9.37529
3	5.43898	1.57466	9.31357
1	3.09628	2.26631	3.59668
2	3.32484	2.0385	3.78768
2	2.86771	2.49413	3.40568
2	3.05518	2.48072	3.90158
2	3.13737	2.05191	3.29177
3	-0.589554	8.49017	9.06769
1	2.25341	4.75284	7.48834
2	1.93835	4.93843	7.57152
2	2.56847	4.56725	7.40516
2	2.15132	4.47587	7.71962
2	2.3555	5.02981	7.25705
3	0.824752	1.94398	3.51285
1	0.44083	7.70793	5.88773
2	0.671338	7.43184	5.99387
2	0.210322	7.98402	5.78159
2	0.563568	7.67478	5.53494
2	0.318091	7.74109	6.24052
3	1.88646	7.64005	4.66361
1	0.620473	3.56702	7.49377
2	0.397982	3.71266	7.22937
2	0.842965	3.42137	7.75818
2	0.318786	3.44844	7.68232
2	0.92216	3.68559	7.30522
3	4.15289	6.25968	-0.383095
1	3.78499	5.11773	5.90472
2	3.73113	4.77397	5.76488
2	3.83884	5.46148	6.04457
2	4.15585	5.0627	5.89715
2	3.41412	5.17275	5.9123
3	4.41142	7.24976	5.3589
1	5.41543	5.62258	5.6213
2	5.76954	5.72879	5.68413
2	5.06132	5.51637	5.55847
2	5.45811	5.33802	5.86177
2	5.37275	5.90714	5.38083
3	4.14659	9.64387	2.94155
1	6.58088	7.02345	8.84168
2	6.94935	6.95491	8.82913
2	6.21241	7.09199	8.85422
2	6.55579	6.95593	8.47366
2	6.60596	7.09096	9.20969
3	0.327119	6.39035	6.46758
1	6.4842	5.72782	6.95391
2	6.66686	5.89278	6.67098
2	6.30154	5.56286	7.23684
2	6.21931	5.99274	6.93736
2	6.74909	5.4629	6.97047
3	1.22308	3.36963	1.95073
1	-0.622332	7.61621	9.72433
2	-0.635967	7.5585	-0.305384
2	-0.608697	7.67393	9.35405
2	9.6475	7.26949	9.6655
2	-0.49216	7.96294	9.78317
3	7.93869	7.03139	6.85306
1	9.45779	3.8873	7.54953
2	9.5349	3.98316	7.90378
2	9.38067	3.79145	7.19529
2	9.09102	3.91988	7.62056
2	-0.575444	3.85473	7.47851
3	9.73287	3.32878	-0.092123
1	2.04804	6.08205	7.38133
2	2.42026	6.05741	7.34297
2	1.67582	6.10669	7.41968
2	2.09196	6.19119	7.73739
2	2.00412	5.97291	7.02526
3	4.05773	0.721277	1.54398
1	0.844397	6.15827	6.2081
2	0.850825	5.89375	5.94237
2	0.837969	6.4228	6.47382
2	0.89817	5.89591	6.47058
2	0.790624	6.42064	5.94561
3	2.61771	6.04975	7.30521
1	2.8581	6.00566	6.79407
2	2.66012	6.30256	6.67882
2	3.05607	5.70877	6.90933
2	2.7087	6.03895	7.13642
2	3.00749	5.97238	6.45173
3	1.03403	7.9864	6.69583
1	6.12011	7.27022	7.2166
2	6.24757	7.43716	6.90594
2	5.99266	7.10328	7.52727
2	5.88212	7.55471	7.27184
2	6.3581	6.98573	7.16137
3	5.3986	7.17559	8.28909
1	6.07768	8.36316	8.14501
2	5.80171	8.39318	8.39714
2	6.35364	8.33315	7.89289
2	6.32992	8.35298	8.42232
2	5.82544	8.37334	7.86771
3	6.94007	6.93094	1.05105
1	7.64693	7.68084	7.63676
2	7.88214	7.90143	7.82818
2	7.41173	7.46024	7.44534
2	7.88551	7.6775	7.34746
2	7.40836	7.68417	7.92606
3	5.42989	8.25612	6.76077
1	-0.259828	6.95648	5.74584
2	-0.0589947	6.75719	5.49972
2	-0.460661	7.15577	5.99195
2	-0.331503	6.644	5.94038
2	-0.188152	7.26896	5.5513
3	4.82434	1.73263	0.331599
1	7.77007	4.33088	5.15392
2	8.04819	4.13348	4.99802
2	7.49196	4.52829	5.30982
2	7.60281	4.01216	5.25911
2	7.93734	4.64961	5.04873
3	9.46885	2.96982	8.48739
1	-0.520146	7.35183	0.427317
2	-0.587275	7.44585	0.0705541
2	-0.453017	7.25782	0.784081
2	-0.368925	7.68961	0.487874
2	9.72863	7.01406	0.366761
3	0.865585	5.73929	5.80945
1	5.42468	6.77115	7.86006
2	5.75388	6.92749	7.77172
2	5.09547	6.61481	7.94841
2	5.46702	6.52428	7.58098
2	5.38234	7.01802	8.13915
3	2.5545	4.99711	5.98677
1	4.49282	7.39017	9.28532
2	4.3899	7.02962	9.27953
2	4.59574	7.75073	9.29111
2	4.35763	7.42318	9.63354
2	4.62801	7.35717	8.9371
3	4.6769	7.94932	9.28059
1	6.44813	8.46686	-0.433646
2	6.0805	8.46282	-0.359785
2	6.81576	8.4709	-0.507506
2	6.3742	8.47464	9.5988
2	6.52206	8.45909	-0.0660879
3	2.00415	8.7041	5.65122
1	4.51293	0.20863	9.67763
2	4.495	0.278646	-0.354397
2	4.53086	0.138613	9.30966
2	4.81527	0.428798	9.65047
2	4.21058	-0.0115384	9.7048
3	6.10122	8.1428	6.29888
1	5.54621	8.22615	6.19301
2	5.90776	8.16226	6.26934
2	5.18467	8.29005	6.11668
2	5.61925	8.20104	5.82605
2	5.47318	8.25127	6.55997
3	6.4859	8.34918	7.74193
1	7.18688	6.26795	6.23858
2	6.98045	6.21874	5.9294
2	7.39332	6.31716	6.54775
2	7.45068	6.44005	6.03505
2	6.92309	6.09586	6.4421
3	1.7821	6.31795	5.41944
1	7.08555	9.5319	7.0634
2	7.27214	9.28764	6.84858
2	6.89896	-0.623844	7.27822
2	7.32843	9.47179	7.34272
2	6.84266	9.59201	6.78408
3	9.13867	7.63218	8.71497
1	-0.149098	8.63866	5.62295
2	0.00454916	8.30458	5.6965
2	-0.302744	8.97273	5.54939
2	-0.320766	8.6331	5.9563
2	0.0225707	8.64422	5.28959
3	2.70292	8.43075	6.77289
1	5.27742	-0.358952	3.38304
2	5.28294	9.6683	3.42373
2	5.2719	0.0137938	3.34236
2	5.0201	-0.392312	3.11231
2	5.53474	-0.325592	3.65378
3	4.66164	7.83891	0.0342311
1	4.42841	6.89786	4.90367
2	4.40715	7.12877	5.19838
2	4.44968	6.66695	4.60896
2	4.45534	6.60439	5.13556
2	4.40149	7.19134	4.67178
3	8.20658	4.3382	7.55987
1	8.3213	7.59371	7.67562
2	8.14238	7.87081	7.85403
2	8.50021	7.31662	7.49721
2	8.14816	7.68742	7.35645
2	8.49443	7.50001	7.99479
3	4.03584	-0.113651	-0.66979
1	5.21122	-0.475375	8.2552
2	4.93007	-0.237065	8.32441
2	5.49237	9.68631	8.186
2	4.98099	9.71316	8.04807
2	5.44145	-0.263914	8.46234
3	9.22952	3.32261	7.83122
1	6.04036	7.32026	0.275625
2	5.83122	7.57204	0.0926014
2	6.24949	7.06849	0.458649
2	6.25045	7.59714	0.416436
2	5.83026	7.04339	0.134814
3	8.07564	8.76272	0.405945
1	8.91099	7.09701	7.84716
2	9.12439	7.04758	8.15153
2	8.69758	7.14643	7.54279
2	9.15099	6.89122	7.64547
2	8.67099	7.30279	8.04885
3	4.57139	0.146871	9.10162
1	9.12838	7.16537	7.14957
2	9.47038	7.1545	6.99615
2	8.78637	7.17624	7.30299
2	9.23213	6.90553	7.39926
2	9.02463	7.42521	6.89988
3	8.66425	1.79572	0.437871
1	6.57902	8.82775	8.23393
2	6.5046	8.54745	8.47166
2	6.65344	9.10805	7.99619
2	6.31007	9.03461	8.39362
2	6.84796	8.62089	8.07423
3	6.84945	6.21046	5.77493
1	3.55051	8.51367	7.60865
2	3.19037	8.604	7.55603
2	3.91064	8.42334	7.66128
2	3.48104	8.44796	7.97126
2	3.61997	8.57937	7.24605
3	3.12786	0.130314	0.41882
1	0.500703	8.12968	6.82565
2	0.853384	8.01651	6.76706
2	0.148022	8.24286	6.88424
2	0.621477	8.37147	7.08561
2	0.37993	7.8879	6.56569
3	4.49881	8.00848	5.50601
1	3.20309	-0.498641	4.05902
2	3.39291	9.57795	4.05979
2	3.01326	-0.175236	4.05825
2	3.18163	-0.512125	3.68488
2	3.22454	-0.485156	4.43316
3	3.81492	8.64759	8.99848
1	2.65422	-0.392124	3.65267
2	2.49568	-0.579421	3.3691
2	2.81276	-0.204827	3.93623
2	2.31731	-0.264513	3.75674
2	2.99113	-0.519735	3.54859
3	2.45956	0.820818	8.94253
1	4.41407	8.6422	3.4142
2	4.35767	8.94995	3.20748
2	4.47047	8.33445	3.62093
2	4.15396	8.75835	3.65808
2	4.67419	8.52606	3.17033
3	9.49577	4.00146	6.27799
1	7.93482	8.26936	7.42106
2	8.02597	7.94524	7.25595
2	7.84366	8.59348	7.58618
2	8.02417	8.12431	7.75513
2	7.84547	8.41441	7.087
3	4.4204	9.52832	8.56713
1	6.228	8.17919	3.931
2	6.37479	8.11225	3.59248
2	6.08121	8.24614	4.26952
2	6.1102	8.51525	3.81346
2	6.34581	7.84314	4.04854
3	7.59713	6.48369	5.89598
1	2.9481	8.16499	7.22501
2	3.11005	7.986	7.512
2	2.78615	8.34398	6.93803
2	2.98474	8.49059	7.40741
2	2.91147	7.8394	7.04261
3	3.35512	0.150069	-0.350556
1	2.44491	-0.544958	-0.53034
2	2.48663	-0.335347	9.56152
2	2.40319	9.64543	-0.222204
2	2.81719	-0.582592	-0.505531
2	2.07263	-0.507324	-0.555149
3	-0.640423	7.50744	-0.114115
1	3.11479	8.79956	6.94737
2	3.37902	9.03932	7.06279
2	2.85056	8.5598	6.83195
2	3.19916	8.87833	6.59058
2	3.03041	8.72079	7.30416
3	2.15083	2.39587	0.0353324
1	3.95823	0.775417	8.25824
2	3.75605	0.72524	7.94642
2	4.16041	0.825595	8.57006
2	3.66509	0.943025	8.42134
2	4.25137	0.60781	8.09515
3	0.9807	3.36572	7.90096
1	9.06147	2.58452	8.63507
2	9.29386	2.3057	8.54083
2	8.82908	2.86334	8.72931
2	9.32133	2.83528	8.53397
2	8.80162	2.33376	8.73618
3	9.60898	4.03875	8.08002
1	4.74705	-0.298654	7.60979
2	4.39969	-0.438633	7.59044
2	5.0944	-0.158674	7.62914
2	4.63403	0.0073608	7.42484
2	4.86006	-0.604668	7.79474
3	8.70634	3.01183	8.80137
1	5.84925	8.5986	6.97456
2	6.09762	8.82888	7.13551
2	5.60087	8.36832	6.8136
2	6.05009	8.30285	7.08777
2	5.64841	8.89436	6.86134
3	0.306255	1.10251	0.301207
1	6.45983	9.46416	7.36187
2	6.62664	9.31981	7.66512
2	6.29301	9.60852	7.05862
2	6.66709	-0.625159	7.39574
2	6.25256	9.15349	7.328
3	1.30935	1.38628	3.6154
1	5.0651	-0.00114279	8.83344
2	4.74885	0.0945504	9.0108
2	5.38134	-0.096836	8.65609
2	4.8661	-0.0973194	8.5305
2	5.26409	0.0950338	9.13639
3	9.64654	6.84073	0.345043
1	3.03224	0.899436	0.839695
2	3.40072	0.924979	0.904459
2	2.66375	0.873893	0.774931
2	2.97627	0.800645	1.19709
2	3.0882	0.998227	0.482297
3	3.22705	2.29052	-0.367911
1	3.52407	-0.345758	-0.582089
2	3.64261	-0.66813	9.66741
2	3.40553	-0.0233854	-0.43159
2	3.18819	-0.499468	-0.517382
2	3.85994	-0.192047	-0.646796
3	3.48892	4.82961	7.19714
1	9.56561	3.50037	8.27034
2	9.52855	3.15177	8.40349
2	9.60268	3.84897	8.13718
2	-0.609272	3.5862	8.55771
2	9.3405	3.41454	7.98296
3	8.33947	5.03003	7.99648
1	8.12518	3.48199	5.03955
2	8.17397	3.84513	4.95973
2	8.07638	3.11885	5.11938
2	7.77146	3.55214	5.14245
2	8.47889	3.41185	4.93666
3	8.38625	7.67873	8.97149
1	6.67713	0.500807	8.26266
2	6.74132	0.846175	8.39391
2	6.61295	0.15544	8.13141
2	6.98304	0.52583	8.0472
2	6.37123	0.475785	8.47811
3	4.96073	5.51856	4.75551
1	4.5707	0.425561	6.81617
2	4.57466	0.261345	7.15328
2	4.56675	0.589777	6.47906
2	4.85288	0.648886	6.92165
2	4.28853	0.202236	6.71069
3	6.21122	0.432658	8.59981
1	1.06214	6.91455	7.01875
2	1.21225	7.13004	6.75106
2	0.912042	6.69905	7.28644
2	0.918057	6.68882	6.75624
2	1.20623	7.14027	7.28126
3	4.99483	4.6498	5.51563
1	6.89003	6.73123	0.509242
2	7.25193	6.63495	0.489795
2	6.52812	6.82752	0.528689
2	6.94517	6.86895	0.853652
2	6.83488	6.59352	0.164833
3	2.62446	0.67008	0.163589
1	1.88072	5.43581	7.20247
2	1.54689	5.59621	7.26127
2	2.21455	5.27542	7.14366
2	1.79458	5.16631	7.44858
2	1.96686	5.70532	6.95636
3	-0.125314	2.65419	2.42961
1	5.50604	6.28121	6.88816
2	5.87013	6.20341	6.93302
2	5.14196	6.359	6.8433
2	5.54189	6.23535	6.5177
2	5.4702	6.32706	7.25861
3	3.97079	6.9357	-0.0231471
1	1.73138	5.42696	8.47395
2	1.39561	5.41735	8.30724
2	2.06715	5.43658	8.64066
2	1.75698	5.05405	8.4439
2	1.70578	5.79988	8.504
3	2.72086	2.93622	-0.128832
1	2.70542	2.35543	-0.126541
2	2.73408	2.72825	-0.154957
2	2.67676	1.9826	-0.0981252
2	3.05429	2.31851	-0.259013
2	2.35654	2.39234	0.00592992
3	1.38984	8.10436	7.36653
1	7.78705	4.61963	6.44211
2	7.64769	4.30777	6.59686
2	7.92641	4.93148	6.28736
2	7.82178	4.77303	6.78253
2	7.75233	4.46622	6.10169
3	9.14163	8.47779	8.6297
1	9.51772	4.39925	8.98423
2	-0.663107	4.47734	8.69014
2	9.29855	4.32116	9.27832
2	9.26099	4.64125	8.85716
2	-0.625549	4.15724	9.1113
3	2.78843	7.92234	5.32527
1	4.47403	4.46126	5.69032
2	4.80841	4.58884	5.57836
2	4.13964	4.33368	5.80229
2	4.56159	4.11971	5.56264
2	4.38647	4.80281	5.818
3	4.59454	6.72497	0.158866
1	6.11541	8.08452	0.07783
2	5.96158	8.31034	-0.179015
2	6.26924	7.85871	0.334675
2	5.83607	7.83908	0.0293365
2	6.39475	8.32997	0.126324
3	3.20227	1.1938	-0.0344706
1	0.0535235	3.91969	9.402
2	0.387152	3.84045	9.55378
2	-0.280105	3.99892	9.25022
2	0.213205	4.18365	9.18881
2	-0.106158	3.65572	9.61519
3	2.40583	-0.511782	2.06049
1	1.69969	2.38054	0.391417
2	1.81052	2.69401	0.564839
2	1.58886	2.06706	0.217995
2	1.39308	2.36965	0.607039
2	2.00631	2.39142	0.175794
3	0.791875	6.57119	5.79957
1	8.91711	5.70362	6.70913
2	8.85516	5.37747	6.53474
2	8.97905	6.02977	6.88352
2	8.55697	5.79706	6.6623
2	9.27725	5.61018	6.75595
3	0.825133	8.91696	7.96881
1	4.21022	1.44313	9.63012
2	4.33207	1.79771	9.63728
2	4.08838	1.08855	9.62296
2	4.51225	1.34335	9.43151
2	3.90819	1.54291	-0.571269
3	9.63675	7.1508	6.88697
1	8.72341	4.91805	8.40729
2	8.98621	4.82874	8.65945
2	8.46061	5.00735	8.15513
2	8.96377	5.15202	8.23964
2	8.48305	4.68407	8.57493
3	8.02517	8.01066	7.92768
1	6.47778	6.85827	7.71096
2	6.47977	6.88455	8.08503
2	6.47579	6.832	7.33688
2	6.83955	6.75968	7.71596
2	6.11601	6.95686	7.70595
3	0.281599	3.79312	7.08829
1	8.17257	4.39033	6.98903
2	8.15615	4.37271	7.36326
2	8.18898	4.40796	6.6148
2	7.93566	4.68101	6.99233
2	8.40947	4.09966	6.98573
3	0.300357	4.3162	9.05794
1	7.71822	6.85277	8.76248
2	7.76543	6.93887	9.1244
2	7.67102	6.76667	8.40056
2	7.3463	6.87194	8.80643
2	8.09015	6.83361	8.71853
3	2.46423	8.18159	6.03123
1	3.48434	5.5982	6.54573
2	3.24556	5.83146	6.37483
2	3.72311	5.36495	6.71662
2	3.72905	5.64315	6.26515
2	3.23962	5.55326	6.8263
3	9.10111	1.67029	3.07225
1	3.97171	8.38779	8.41122
2	4.31319	8.3999	8.56574
2	3.63024	8.37568	8.2567
2	3.92896	8.0358	8.53329
2	4.01447	8.73978	8.28915
3	4.90197	7.19899	1.1639
1	2.83572	5.58635	8.61642
2	3.02807	5.90743	8.6395
2	2.64336	5.26527	8.59334
2	2.90805	5.51704	8.97779
2	2.76338	5.65566	8.25505
3	-0.465534	4.06261	9.18849
1	6.0855	6.8881	9.35191
2	6.1322	6.7168	9.68222
2	6.0388	7.05941	9.02161
2	5.74122	6.74195	9.32479
2	6.42978	7.03425	9.37904
3	8.59604	7.17254	7.3771
1	5.4689	6.92	8.80547
2	5.51609	6.75544	9.13912
2	5.4217	7.08455	8.47183
2	5.11722	6.79058	8.79139
2	5.82058	7.04941	8.81955
3	5.74417	7.70377	7.30634
1	7.42888	6.83893	7.0051
2	7.76353	6.96691	6.8944
2	7.09422	6.71096	7.1158
2	7.38071	7.14616	7.21466
2	7.47704	6.53171	6.79553
3	0.773288	1.79255	1.9505
1	-0.351406	5.87175	7.75787
2	-0.623335	5.9466	8.00501
2	-0.0794772	5.7969	7.51073
2	-0.139142	5.73216	8.0337
2	-0.56367	6.01133	7.48204
3	4.03857	7.94134	1.00153
1	8.77132	8.07234	8.8045
2	8.52515	8.3466	8.87383
2	9.01749	7.79808	8.73517
2	8.5198	7.81808	8.91727
2	9.02283	8.3266	8.69173
3	2.54895	6.4485	6.61272
1	2.93971	5.62989	7.54097
2	2.71103	5.88482	7.3882
2	3.16839	5.37496	7.69374
2	2.80279	5.71062	7.88062
2	3.07662	5.54916	7.20132
3	2.99531	8.66497	7.493
1	2.84383	8.57046	6.228
2	2.92342	8.65762	5.87206
2	2.76424	8.48331	6.58395
2	3.10147	8.81618	6.34578
2	2.58619	8.32475	6.11023
3	0.843091	6.56516	6.6151
1	4.20899	7.3215	8.43388
2	4.32057	7.63923	8.26889
2	4.0974	7.00377	8.59887
2	3.88493	7.33767	8.24586
2	4.53304	7.30533	8.6219
3	0.916294	3.09177	-0.602356
1	5.2545	8.01476	7.25979
2	5.13347	7.8693	7.58355
2	5.37554	8.16022	6.93604
2	4.94326	8.22267	7.23685
2	5.56575	7.80685	7.28274
3	1.88042	7.51784	6.04852
1	4.59559	8.08004	7.71537
2	4.27644	8.27669	7.70564
2	4.91474	7.88338	7.72511
2	4.71282	8.25493	7.40506
2	4.47836	7.90514	8.02569
3	8.37006	4.54425	8.67669
1	5.03111	6.94884	9.37046
2	5.00732	6.94296	8.99626
2	5.05489	6.95472	-0.65534
2	4.69594	7.11599	9.38914
2	5.36627	6.78169	9.35178
3	5.69203	7.6945	0.00276538
1	8.29135	4.45878	8.11996
2	8.23619	4.39034	7.75541
2	8.34651	4.52721	8.48452
2	8.3222	4.82522	8.04651
2	8.26051	4.09234	8.19342
3	3.13217	5.53248	6.98981
1	4.16042	0.956046	1.03006
2	4.22413	1.11087	0.694512
2	4.09671	0.801217	1.36561
2	3.79444	0.935274	0.950994
2	4.5264	0.976817	1.10913
3	1.59682	7.83787	8.47819
1	0.786272	4.62291	7.80975
2	0.608097	4.63918	8.13932
2	0.964448	4.60664	7.48019
2	0.917616	4.28281	7.89755
2	0.654929	4.96301	7.72195
3	5.87502	8.44581	-0.297062
1	0.793093	0.803732	0.39867
2	0.688132	0.572014	0.123144
2	0.898054	1.03545	0.674197
2	0.475921	0.999031	0.355248
2	1.11026	0.608433	0.442092
3	-0.282308	7.85815	0.51164
1	4.36813	8.71578	7.04926
2	4.11588	8.95195	6.90359
2	4.62038	8.47961	7.19493
2	4.40274	8.93789	7.34942
2	4.33352	8.49367	6.7491
3	1.59947	5.94742	6.17983
1	6.34484	-0.220206	7.17479
2	6.2386	-0.538451	7.00729
2	6.45108	0.0980398	7.3423
2	6.04313	-0.046279	7.0357
2	6.64655	-0.394132	7.31389
3	1.33407	7.14973	2.54303
1	6.88143	7.68432	0.226541
2	6.54601	7.73898	0.385059
2	7.21685	7.62967	0.0680232
2	6.73473	7.41698	0.00830203
2	7.02813	7.95167	0.44478
3	6.72308	9.6106	3.79968
1	-0.151434	8.50659	9.43484
2	-0.439489	8.49104	9.19524
2	0.13662	8.52214	9.67444
2	-0.345778	8.30194	9.68177
2	0.0429097	8.71124	9.18791
3	8.0287	7.74629	7.20153
1	7.18963	7.35466	1.35779
2	7.35237	7.09714	1.57646
2	7.02688	7.61219	1.13912
2	7.01839	7.08255	1.16476
2	7.36086	7.62678	1.55082
3	6.98005	8.50092	7.979
1	1.45241	7.75111	6.3693
2	1.34423	7.40779	6.47444
2	1.56059	8.09443	6.26416
2	1.18832	7.90159	6.58892
2	1.7165	7.60063	6.14967
3	2.63629	9.30403	2.59022
1	4.07923	9.45301	7.22072
2	3.86766	9.70387	7.03925
2	4.2908	9.20215	7.40218
2	4.18285	9.7175	7.46553
2	3.97561	9.18852	6.9759
3	-0.179314	1.03074	3.89812
1	8.09897	7.07703	8.18813
2	7.80986	6.83841	8.17821
2	8.38809	7.31564	8.19805
2	8.21234	6.9262	8.5122
2	7.98561	7.22785	7.86405
3	0.687745	8.47228	7.26023
1	3.01456	4.75407	6.21469
2	2.70806	4.89692	6.05258
2	3.32105	4.61121	6.3768
2	2.99703	4.4572	5.98624
2	3.03209	5.05093	6.44315
3	3.77275	-0.559019	6.92023
1	5.62693	8.98218	8.3248
2	5.98297	9.05151	8.41997
2	5.2709	8.91284	8.22963
2	5.60117	9.32379	8.17228
2	5.65269	8.64056	8.47731
3	5.56078	-0.153818	8.57779
1	6.87483	8.06444	8.32914
2	6.79923	7.78268	8.56477
2	6.95044	8.34619	8.09351
2	6.60356	8.26947	8.48726
2	7.1461	7.85941	8.17102
3	6.17204	9.13253	8.49624
1	7.22074	8.99227	7.7893
2	7.55271	8.82113	7.75567
2	6.88877	9.16341	7.82292
2	7.36495	9.30226	7.63523
2	7.07654	8.68228	7.94337
3	-0.631114	3.32651	9.13964
1	0.395361	8.15887	5.24932
2	0.546726	7.82305	5.31959
2	0.243997	8.49469	5.17906
2	0.625216	8.20111	4.95605
2	0.165507	8.11663	5.54259
3	4.40711	9.0686	7.51649
1	-0.329093	8.20328	3.44934
2	-0.662487	8.26552	3.60934
2	0.00430015	8.14103	3.28935
2	-0.480079	8.26331	3.11137
2	-0.178108	8.14324	3.78731
3	2.088	8.72614	2.79754
1	2.63911	1.23328	0.0635279
2	2.6585	1.6021	-0.00144689
2	2.61971	0.864463	0.128503
2	2.26853	1.26157	0.113454
2	3.00969	1.205	0.013602
3	2.38434	3.45834	0.444207
1	4.09476	0.415335	7.54992
2	3.79263	0.582611	7.69608
2	4.39689	0.24806	7.40377
2	4.28599	0.485652	7.86474
2	3.90353	0.345018	7.2351
3	0.978384	1.17194	0.814426
1	6.14474	9.36617	7.97365
2	6.18181	9.21286	8.31387
2	6.10767	9.51948	7.63343
2	6.49547	9.26374	7.88928
2	5.794	9.4686	8.05802
3	5.65256	8.43973	8.53692
1	5.37426	8.71351	-0.209827
2	5.04861	8.89059	-0.153033
2	5.6999	8.53644	-0.266621
2	5.55501	8.988	-0.0292399
2	5.1935	8.43903	-0.390414
3	5.05707	2.54962	-0.00999228
1	7.30131	0.252968	1.69316
2	7.62869	0.401602	1.79971
2	6.97393	0.104334	1.5866
2	7.40362	0.285229	1.33383
2	7.199	0.220707	2.05248
3	9.60346	-0.622987	3.25122
1	8.73023	2.90879	9.3682
2	8.56296	2.57464	9.33674
2	8.89751	3.24294	9.39965
2	8.71473	2.95159	8.99597
2	8.74573	2.86599	9.74042
3	2.52866	7.29822	2.09856
1	7.36384	8.47891	8.72884
2	7.4473	8.5986	9.07429
2	7.28039	8.35921	8.3834
2	7.68989	8.29424	8.71407
2	7.0378	8.66358	8.74362
3	4.97177	0.563333	9.6146
1	0.686253	4.19046	7.20823
2	0.946584	4.45108	7.27842
2	0.425922	3.92983	7.13804
2	0.422909	4.4571	7.19488
2	0.949597	3.92382	7.22158
3	5.14089	7.77201	2.157
1	9.47063	4.87727	8.3242
2	9.21764	5.11838	8.18823
2	-0.676378	4.63617	8.46018
2	-0.702428	4.95247	8.0353
2	9.24369	4.80207	8.61311
3	5.64325	9.12965	0.0598354
1	1.61836	2.12102	1.04302
2	1.68833	2.25437	0.699583
2	1.54839	1.98767	1.38645
2	1.96589	2.21314	1.14959
2	1.27082	2.0289	0.936445
3	2.38615	5.17005	7.11703
1	8.95809	3.17122	8.30951
2	8.7948	3.07824	8.63403
2	9.12139	3.26421	7.98499
2	8.62946	3.29743	8.18031
2	9.28673	3.04501	8.43871
3	2.11381	-0.232055	0.147554
1	-0.528884	2.8216	8.86683
2	-0.477311	2.49881	8.68307
2	-0.580456	3.14439	9.0506
2	9.60085	2.91626	8.62472
2	-0.25862	2.72694	9.10895
3	9.34413	3.73504	7.00588
1	8.75498	4.45083	7.43162
2	8.85781	4.12303	7.58195
2	8.65215	4.77863	7.2813
2	8.39717	4.37759	7.51666
2	9.11279	4.52407	7.34658
3	8.53911	1.62449	1.23771
1	6.65552	9.29621	8.76058
2	6.79619	8.94877	8.77192
2	6.51485	9.64364	8.74923
2	6.96733	9.42773	8.92214
2	6.34371	9.16468	8.59901
3	6.18601	6.61024	-0.552135
1	9.38786	2.17363	3.02064
2	9.21348	1.84217	3.03946
2	9.56224	2.50508	3.00181
2	9.35168	2.21373	3.39173
2	9.42404	2.13352	2.64955
3	8.07467	0.67057	0.758336
1	0.695365	2.66062	-0.295567
2	0.543947	2.36791	-0.116633
2	0.846783	2.95334	-0.474501
2	0.372946	2.7152	-0.47912
2	1.01778	2.60605	-0.112013
3	0.30896	1.83782	0.670082
1	1.71871	4.29995	8.28661
2	1.76673	4.66547	8.35528
2	1.67069	3.93443	8.21795
2	1.48665	4.2753	8.58015
2	1.95078	4.32461	7.99308
3	-0.0591632	8.30057	6.84999
1	7.76714	6.75896	6.38075
2	7.58582	6.51207	6.59706
2	7.94845	7.00586	6.16443
2	7.88482	6.94077	6.68689
2	7.64945	6.57716	6.0746
3	4.41912	0.526423	8.0216
1	3.65179	0.413106	0.707966
2	3.59791	0.76038	0.838818
2	3.70567	0.0658312	0.577114
2	3.73639	0.553342	0.370619
2	3.5672	0.27287	1.04531
3	4.60056	1.13227	3.56732
1	3.90965	0.247864	-0.241504
2	3.54974	0.159549	-0.298879
2	4.26956	0.336179	-0.184129
2	3.8076	0.489861	0.0261668
2	4.0117	0.00586718	-0.509175
3	6.3479	8.45908	9.3977
1	2.86456	6.58887	2.89368
2	2.51658	6.48317	2.98514
2	3.21253	6.69457	2.80222
2	2.72689	6.80558	2.62035
2	3.00223	6.37216	3.167
3	6.95424	7.75526	1.01263
1	4.35652	7.90842	0.519094
2	4.55924	7.84989	0.209091
2	4.15379	7.96695	0.829097
2	4.32264	7.53802	0.566869
2	4.3904	8.27882	0.47132
3	9.6657	1.4479	2.08806
1	7.62231	8.42107	0.446041
2	7.32139	8.20362	0.498849
2	7.92323	8.63852	0.393232
2	7.59834	8.54038	0.800745
2	7.64628	8.30176	0.091337
3	3.14348	1.93903	3.11777
1	2.50679	5.50396	9.25576
2	2.68758	5.54395	9.58186
2	2.326	5.46397	8.92967
2	2.57038	5.86487	9.17625
2	2.4432	5.14304	9.33528
3	8.90289	3.93828	7.66516
1	-0.230187	3.03175	-0.332464
2	-0.519744	3.20861	-0.172774
2	0.0593701	2.85488	-0.492153
2	-0.291335	2.73371	-0.113245
2	-0.169038	3.32979	-0.551682
3	0.203305	2.7484	-0.577017
1	4.68777	7.89185	-0.542725
2	4.67041	7.86191	-0.169326
2	4.70513	7.9218	9.48388
2	4.43117	7.62047	-0.576418
2	4.94437	8.16323	-0.509033
3	1.62965	3.73431	8.21711
1	4.9075	7.49424	8.23677
2	5.01744	7.64964	7.91368
2	4.79755	7.33884	8.55986
2	5.2278	7.29984	8.25226
2	4.58719	7.68864	8.22127
3	2.24154	5.56618	4.12
1	5.55489	1.88146	9.79231
2	5.82038	1.63599	-0.508284
2	5.2894	2.12694	9.6929
2	5.47017	1.66938	9.49487
2	5.63962	2.09355	-0.310261
3	7.3258	7.32291	7.31076
1	9.0705	4.87862	6.85243
2	9.22857	4.66692	7.11855
2	8.91243	5.09032	6.58631
2	9.36984	4.826	6.63277
2	8.77116	4.93124	7.07209
3	4.30035	7.46251	-0.573874
1	8.69196	1.26813	1.67572
2	8.77108	1.04844	1.96916
2	8.61285	1.48782	1.38229
2	8.8372	1.56254	1.85698
2	8.54672	0.973726	1.49446
3	-0.47936	6.30001	3.42232
1	8.31413	1.1499	0.981231
2	8.4669	1.44978	1.14664
2	8.16135	0.850024	0.815826
2	8.42354	0.935542	1.26881
2	8.20471	1.36426	0.69365
3	6.8009	5.93106	6.5156
1	2.31422	4.69032	8.24767
2	1.97162	4.79515	8.35841
2	2.65681	4.5855	8.13693
2	2.4667	4.925	8.49727
2	2.16173	4.45564	7.99807
3	1.3033	7.24212	6.60046
1	9.34585	7.36472	9.18093
2	9.64343	7.59156	9.15621
2	9.04826	7.13787	9.20564
2	9.50322	7.19011	9.47311
2	9.18848	7.53932	8.88874
3	4.69592	7.29866	8.74198
1	2.811	5.13867	8.08105
2	2.75554	5.50805	8.04778
2	2.86647	4.76929	8.11433
2	2.99281	5.13642	7.75308
2	2.62919	5.14091	8.40902
3	5.07386	8.87526	8.20903
1	5.98354	6.58719	7.31082
2	6.31696	6.72959	7.21502
2	5.65012	6.44478	7.40661
2	5.92601	6.87711	7.5416
2	6.04106	6.29726	7.08004
3	3.26754	7.28954	5.34007
1	9.5779	8.51467	9.5956
2	9.31477	8.7449	9.46001
2	-0.558968	8.28445	9.73119
2	9.73981	8.50068	9.25764
2	9.416	8.52866	-0.466443
3	9.34696	2.21361	3.59115
1	5.07594	8.42906	8.57992
2	4.7021	8.41427	8.60549
2	5.44977	8.44385	8.55434
2	5.10375	8.14356	8.82145
2	5.04812	8.71456	8.33838
3	5.081	6.96366	-0.447996
1	-0.53019	6.66304	0.840497
2	9.72446	6.78484	0.51698
2	-0.384839	6.54125	1.16401
2	-0.44516	7.01581	0.935104
2	-0.615219	6.31028	0.74589
3	7.66072	8.22643	-0.0944117
1	1.50787	7.97832	7.91603
2	1.4911	7.61248	7.83536
2	1.52464	8.34415	7.9967
2	1.56255	7.89604	8.27778
2	1.45319	8.0606	7.55427
3	7.37073	9.62896	4.36926
1	-0.264162	7.76445	1.07612
2	-0.183508	8.12454	1.14288
2	-0.344817	7.40436	1.00936
2	-0.25935	7.83176	0.707247
2	-0.268974	7.69714	1.445
3	1.36911	7.75309	5.68464
1	3.77314	7.25719	-0.459689
2	3.64084	7.46119	9.65482
2	3.90545	7.05319	-0.174199
2	3.42827	7.12537	-0.394062
2	4.11802	7.38902	-0.525316
3	9.29122	6.78284	7.55075
1	4.75324	8.39796	-0.0319024
2	4.68392	8.03054	-0.00321089
2	4.82256	8.76538	-0.0605939
2	4.98343	8.33199	-0.32049
2	4.52304	8.46392	0.256685
3	3.94911	-0.311777	3.65137
1	7.49194	7.02567	7.76803
2	7.78565	7.25355	7.8173
2	7.19823	6.79778	7.71875
2	7.38098	7.23199	7.47521
2	7.6029	6.81934	8.06084
3	4.21505	-0.5394	7.6051
1	3.68485	1.37818	3.82814
2	3.55194	1.72872	3.8371
2	3.81776	1.02764	3.81919
2	3.37954	1.26721	3.6408
2	3.99016	1.48915	4.01549
3	-0.13794	8.31244	1.18946
1	5.6296	6.79009	-0.514816
2	5.56916	6.71569	9.52264
2	5.69005	6.86449	-0.152274
2	5.27377	6.90276	-0.478611
2	5.98544	6.67742	-0.551021
3	6.37068	7.7498	0.46997
1	5.80119	9.35935	7.17567
2	6.0709	9.10631	7.23772
2	5.53147	9.61239	7.11361
2	6.04825	9.57941	6.99916
2	5.55412	9.13929	7.35218
3	8.95049	7.57907	6.78241
1	7.10656	8.33025	0.0129776
2	7.46627	8.25725	-0.063875
2	6.74686	8.40324	0.0898303
2	7.06336	8.47754	-0.329165
2	7.14977	8.18295	0.35512
3	-0.584785	7.70135	9.16434
1	2.36492	7.84648	2.11676
2	2.03231	7.74204	2.25492
2	2.69753	7.95091	1.97859
2	2.48086	7.48998	2.1264
2	2.24898	8.20298	2.10712
3	2.66141	6.91476	2.46586
1	3.90436	7.86051	7.92892
2	4.01615	8.18021	7.76793
2	3.79256	7.54081	8.08992
2	4.24654	7.81456	8.07529
2	3.56217	7.90647	7.78256
3	7.73885	8.74067	7.71657
1	1.90505	-0.268902	2.22943
2	1.57342	-0.138984	2.34678
2	2.23667	-0.398821	2.11208
2	2.07156	-0.112442	2.52678
2	1.73853	-0.425363	1.93208
3	5.02418	0.746698	6.95674
1	4.86943	8.33557	6.65831
2	4.50559	8.39587	6.59044
2	5.23327	8.27527	6.72619
2	4.93941	8.34324	6.28998
2	4.79944	8.3279	7.02664
3	0.628714	7.64518	5.34723
1	4.29959	-0.413375	2.00638
2	4.17696	9.64118	2.08547
2	4.42222	-0.0679304	1.92729
2	4.059	-0.393665	1.71941
2	4.54018	-0.433085	2.29335
3	-0.514973	7.69459	2.39549
1	6.63445	7.33941	0.779282
2	6.4337	7.59477	0.591886
2	6.8352	7.08405	0.966677
2	6.83511	7.6136	0.937956
2	6.43379	7.06522	0.620607
3	4.33034	7.33566	0.58634
1	6.54425	8.04583	9.04424
2	6.47239	8.26738	8.75034
2	6.61611	7.82429	9.33814
2	6.68132	7.78403	8.81338
2	6.40718	8.30763	9.2751
3	7.15536	8.09599	0.537594
1	1.65066	8.40025	8.57595
2	1.59334	8.47761	8.21352
2	1.70798	8.32289	8.93838
2	1.67754	8.76689	8.64996
2	1.62378	8.03361	8.50194
3	8.44786	0.80669	1.43469
1	1.77797	8.5156	7.50764
2	1.65157	8.49435	7.86005
2	1.90438	8.53685	7.15523
2	1.51717	8.26892	7.39922
2	2.03878	8.76228	7.61606
3	2.074	1.24573	0.153991
1	1.27966	8.93809	8.33991
2	1.57202	8.95738	8.57396
2	0.987303	8.91881	8.10586
2	1.46029	8.68078	8.13549
2	1.09904	9.19541	8.54433
3	1.27402	0.483417	0.453989
1	4.42115	9.2875	8.04327
2	4.70697	9.50407	7.93359
2	4.13534	9.07092	8.15295
2	4.40996	9.13001	7.70313
2	4.43235	9.44499	8.38341
3	4.41624	7.79236	8.17298
1	2.47187	0.265478	3.7164
2	2.74931	0.125075	3.92602
2	2.19444	0.405881	3.50678
2	2.2565	-0.028595	3.80448
2	2.68725	0.559552	3.62831
3	-0.506515	0.555684	2.46407
1	1.4967	0.694583	9.38158
2	1.2227	0.930113	9.28122
2	1.7707	0.459052	9.48195
2	1.24764	0.415309	9.40613
2	1.74575	0.973857	9.35703
3	6.46053	8.38273	8.57921
1	7.58303	8.44669	-0.619771
2	7.63657	8.30739	-0.275746
2	7.52949	8.58599	9.4362
2	7.21691	8.48393	-0.547715
2	7.94915	8.40945	9.70817
3	3.04106	5.19002	6.58674
1	9.39196	4.26573	6.78554
2	9.32146	4.43792	7.11113
2	9.46245	4.09353	6.45996
2	9.32451	3.9338	6.94649
2	9.45941	4.59765	6.6246
3	9.34878	0.228378	0.672604
1	0.833754	7.93112	7.39246
2	0.939862	7.58936	7.50455
2	0.727646	8.27288	7.28037
2	1.19333	8.03467	7.36781
2	0.474179	7.82757	7.41711
3	8.99669	3.42706	9.41972
